CH1 Voltage	CH1 Current	CH1 Time	CH2 Voltage	CH2 Current	CH2 Time
1,1,1	-1.20E-04	-8.29E-11	1.01E-02	0.00E+00	1.08E-05	1.01E-02
1,1,2	-1.21E-04	2.78E-11	2.12E-01	4.20E-02	1.17E-05	2.12E-01
1,1,3	-1.18E-04	-1.50E-11	4.14E-01	8.40E-02	7.86E-06	4.14E-01
1,1,4	-1.20E-04	4.30E-12	6.15E-01	1.26E-01	1.27E-06	6.15E-01
1,1,5	-1.19E-04	3.40E-12	8.17E-01	1.68E-01	-6.53E-06	8.17E-01
1,1,6	-1.22E-04	-3.70E-11	1.02E+00	2.10E-01	-1.11E-05	1.02E+00
1,1,7	-1.24E-04	6.30E-12	1.24E+00	2.52E-01	3.86E-06	1.24E+00
1,1,8	-1.20E-04	-5.50E-12	1.44E+00	2.94E-01	9.52E-06	1.44E+00
1,1,9	-1.24E-04	1.30E-11	1.64E+00	3.36E-01	1.24E-05	1.64E+00
1,1,10	-1.19E-04	-1.30E-11	1.85E+00	3.78E-01	1.03E-05	1.85E+00
1,1,11	-1.24E-04	1.14E-11	2.05E+00	4.20E-01	3.70E-06	2.05E+00
1,1,12	-1.19E-04	-2.24E-11	2.26E+00	4.62E-01	-2.41E-06	2.26E+00
1,1,13	-1.18E-04	8.80E-12	2.46E+00	5.04E-01	4.78E-06	2.46E+00
1,1,14	-1.20E-04	3.60E-12	2.66E+00	5.46E-01	1.00E-05	2.66E+00
1,1,15	-1.16E-04	-3.10E-12	2.86E+00	5.88E-01	1.25E-05	2.86E+00
1,1,16	-1.21E-04	1.57E-11	3.06E+00	6.30E-01	1.02E-05	3.06E+00
1,1,17	-1.22E-04	-3.80E-12	3.26E+00	6.72E-01	3.62E-06	3.26E+00
1,1,18	-1.23E-04	6.50E-12	3.47E+00	7.14E-01	-3.43E-06	3.47E+00
1,1,19	-1.22E-04	8.20E-12	3.67E+00	7.56E-01	-8.77E-06	3.67E+00
1,1,20	-1.20E-04	7.20E-12	3.87E+00	7.98E-01	-1.21E-05	3.87E+00
1,1,21	-1.25E-04	2.38E-11	4.07E+00	8.40E-01	-1.06E-05	4.07E+00
1,1,22	-1.18E-04	-1.89E-11	4.27E+00	8.82E-01	-4.49E-06	4.27E+00
1,1,23	-1.20E-04	1.18E-11	4.47E+00	9.24E-01	2.22E-06	4.47E+00
1,1,24	-1.19E-04	6.10E-12	4.68E+00	9.66E-01	8.13E-06	4.68E+00
1,1,25	-1.19E-04	-2.90E-12	4.88E+00	1.01E+00	1.20E-05	4.88E+00
1,1,26	-1.18E-04	1.34E-11	5.08E+00	1.05E+00	1.11E-05	5.08E+00
1,1,27	-1.19E-04	4.00E-13	5.28E+00	1.09E+00	4.62E-06	5.28E+00
1,1,28	-1.24E-04	5.10E-12	5.48E+00	1.13E+00	-3.50E-06	5.48E+00
1,1,29	-1.19E-04	-4.20E-12	5.68E+00	1.18E+00	-9.47E-06	5.68E+00
1,1,30	-1.23E-04	4.15E-11	5.89E+00	1.22E+00	-1.24E-05	5.89E+00
1,1,31	-1.23E-04	-1.42E-11	6.09E+00	1.26E+00	-1.03E-05	6.09E+00
1,1,32	-1.19E-04	5.40E-12	6.29E+00	1.30E+00	-3.89E-06	6.29E+00
1,1,33	-1.20E-04	6.90E-12	6.49E+00	1.34E+00	2.75E-06	6.49E+00
1,1,34	-1.17E-04	1.05E-11	6.69E+00	1.39E+00	8.45E-06	6.69E+00
1,1,35	-1.22E-04	3.35E-11	6.89E+00	1.43E+00	1.20E-05	6.89E+00
1,1,36	-1.18E-04	1.97E-11	7.10E+00	1.47E+00	1.11E-05	7.10E+00
1,1,37	-1.19E-04	-3.03E-11	7.30E+00	1.51E+00	4.77E-06	7.30E+00
1,1,38	-1.23E-04	6.00E-13	7.50E+00	1.55E+00	-4.05E-06	7.50E+00
1,1,39	-1.20E-04	9.00E-12	7.70E+00	1.60E+00	-9.38E-06	7.70E+00
1,1,40	-1.25E-04	-1.40E-12	7.90E+00	1.64E+00	-1.23E-05	7.90E+00
1,1,41	-1.21E-04	-8.90E-12	8.10E+00	1.68E+00	-1.03E-05	8.10E+00
1,1,42	-1.23E-04	3.18E-11	8.31E+00	1.72E+00	-3.86E-06	8.31E+00
1,1,43	-1.18E-04	-4.34E-11	8.51E+00	1.76E+00	2.87E-06	8.51E+00
1,1,44	-1.17E-04	4.60E-12	8.71E+00	1.81E+00	8.43E-06	8.71E+00
1,1,45	-1.22E-04	1.35E-11	8.91E+00	1.85E+00	1.20E-05	8.91E+00
1,1,46	-1.15E-04	-9.70E-12	9.11E+00	1.89E+00	1.11E-05	9.11E+00
1,1,47	-1.19E-04	-2.33E-11	9.31E+00	1.93E+00	5.06E-06	9.31E+00
1,1,48	-1.21E-04	-5.20E-12	9.52E+00	1.97E+00	-1.97E-06	9.52E+00
1,1,49	-1.23E-04	1.45E-11	9.72E+00	2.02E+00	-7.93E-06	9.72E+00
1,1,50	-1.23E-04	4.90E-12	9.92E+00	2.06E+00	-1.18E-05	9.92E+00
1,1,51	-1.20E-04	2.50E-12	1.01E+01	2.10E+00	-1.12E-05	1.01E+01
1,1,52	-1.24E-04	2.28E-11	1.03E+01	2.14E+00	-6.12E-06	1.03E+01
1,1,53	-1.17E-04	-3.64E-11	1.05E+01	2.18E+00	6.53E-07	1.05E+01
1,1,54	-1.20E-04	3.60E-12	1.07E+01	2.23E+00	7.87E-06	1.07E+01
1,1,55	-1.20E-04	1.17E-11	1.09E+01	2.27E+00	1.16E-05	1.09E+01
1,1,56	-1.19E-04	-2.50E-12	1.11E+01	2.31E+00	1.15E-05	1.11E+01
1,1,57	-1.19E-04	3.50E-12	1.13E+01	2.35E+00	6.52E-06	1.13E+01
1,1,58	-1.19E-04	-5.29E-11	1.15E+01	2.39E+00	-5.63E-07	1.15E+01
1,1,59	-1.25E-04	1.07E-11	1.17E+01	2.44E+00	-7.68E-06	1.17E+01
1,1,60	-1.21E-04	1.21E-11	1.19E+01	2.48E+00	-1.13E-05	1.19E+01
1,1,61	-1.23E-04	1.24E-11	1.21E+01	2.52E+00	-1.14E-05	1.21E+01
1,1,62	-1.22E-04	1.79E-11	1.23E+01	2.56E+00	-7.09E-06	1.23E+01
1,1,63	-1.20E-04	9.50E-12	1.25E+01	2.60E+00	1.36E-06	1.25E+01
1,1,64	-1.22E-04	2.32E-11	1.28E+01	2.65E+00	1.05E-05	1.28E+01
1,1,65	-1.17E-04	-5.30E-12	1.30E+01	2.69E+00	4.17E-06	1.30E+01
1,1,66	-1.21E-04	8.30E-12	1.32E+01	2.73E+00	-2.95E-06	1.32E+01
1,1,67	-1.17E-04	7.10E-12	1.34E+01	2.77E+00	-8.56E-06	1.34E+01
1,1,68	-1.24E-04	-8.60E-12	1.36E+01	2.81E+00	-1.21E-05	1.36E+01
1,1,69	-1.22E-04	5.20E-12	1.38E+01	2.86E+00	4.01E-06	1.38E+01
1,1,70	-1.21E-04	5.00E-12	1.40E+01	2.90E+00	-2.81E-06	1.40E+01
1,1,71	-1.24E-04	3.05E-11	1.42E+01	2.94E+00	-8.36E-06	1.42E+01
1,1,72	-1.20E-04	1.98E-11	1.44E+01	2.98E+00	-1.21E-05	1.44E+01
1,1,73	-1.25E-04	2.31E-11	1.46E+01	3.02E+00	-1.06E-05	1.46E+01
1,1,74	-1.19E-04	-3.30E-11	1.48E+01	3.07E+00	-2.45E-06	1.48E+01
1,1,75	-1.19E-04	9.40E-12	1.50E+01	3.11E+00	5.39E-06	1.50E+01
1,1,76	-1.20E-04	8.90E-12	1.52E+01	3.15E+00	1.07E-05	1.52E+01
1,1,77	-1.18E-04	-8.50E-12	1.54E+01	3.19E+00	1.25E-05	1.54E+01
1,1,78	-1.20E-04	-3.50E-12	1.56E+01	3.23E+00	9.32E-06	1.56E+01
1,1,79	-1.22E-04	-6.90E-12	1.58E+01	3.28E+00	2.59E-06	1.58E+01
1,1,80	-1.24E-04	6.50E-12	1.60E+01	3.32E+00	-5.01E-06	1.60E+01
1,1,81	-1.22E-04	-5.95E-11	1.62E+01	3.36E+00	-1.06E-05	1.62E+01
1,1,82	-1.22E-04	-1.04E-10	1.64E+01	3.40E+00	-1.25E-05	1.64E+01
1,1,83	-1.22E-04	2.40E-11	1.66E+01	3.44E+00	-9.62E-06	1.66E+01
1,1,84	-1.19E-04	-2.45E-11	1.68E+01	3.49E+00	-2.96E-06	1.68E+01
1,1,85	-1.20E-04	1.27E-11	1.70E+01	3.53E+00	4.47E-06	1.70E+01
1,1,86	-1.17E-04	7.70E-12	1.72E+01	3.57E+00	9.44E-06	1.72E+01
1,1,87	-1.20E-04	-2.40E-12	1.74E+01	3.61E+00	1.17E-05	1.74E+01
1,1,88	-1.20E-04	-3.50E-12	1.76E+01	3.65E+00	7.06E-06	1.76E+01
1,1,89	-1.19E-04	-6.22E-11	1.78E+01	3.70E+00	2.02E-07	1.78E+01
1,1,90	-1.25E-04	-1.90E-12	1.80E+01	3.74E+00	-7.24E-06	1.80E+01
1,1,91	-1.20E-04	2.15E-11	1.82E+01	3.78E+00	-1.13E-05	1.82E+01
1,1,92	-1.25E-04	1.41E-11	1.84E+01	3.82E+00	-1.17E-05	1.84E+01
1,1,93	-1.21E-04	7.90E-12	1.86E+01	3.86E+00	-7.86E-06	1.86E+01
1,1,94	-1.21E-04	1.66E-11	1.88E+01	3.91E+00	-1.43E-06	1.88E+01
1,1,95	-1.20E-04	-5.39E-11	1.90E+01	3.95E+00	7.43E-06	1.90E+01
1,1,96	-1.16E-04	2.40E-12	1.92E+01	3.99E+00	1.12E-05	1.92E+01
1,1,97	-1.21E-04	2.96E-11	1.94E+01	4.03E+00	1.16E-05	1.94E+01
1,1,98	-1.17E-04	-8.90E-12	1.96E+01	4.07E+00	8.03E-06	1.96E+01
1,1,99	-1.21E-04	-4.37E-11	1.98E+01	4.12E+00	1.38E-06	1.98E+01
1,1,100	-1.22E-04	3.20E-12	2.00E+01	4.16E+00	-6.44E-06	2.00E+01
1,1,101	-1.21E-04	1.59E-11	2.02E+01	4.20E+00	-1.09E-05	2.02E+01
1,1,102	-1.26E-04	1.79E-11	2.04E+01	4.24E+00	-1.23E-05	2.04E+01
1,1,103	-1.19E-04	5.60E-12	2.06E+01	4.28E+00	-8.94E-06	2.06E+01
1,1,104	-1.23E-04	2.17E-11	2.08E+01	4.33E+00	-1.83E-06	2.08E+01
1,1,105	-1.19E-04	-3.02E-11	2.10E+01	4.37E+00	5.91E-06	2.10E+01
1,1,106	-1.19E-04	-3.50E-12	2.12E+01	4.41E+00	1.07E-05	2.12E+01
1,1,107	-1.20E-04	3.15E-11	2.14E+01	4.45E+00	1.25E-05	2.14E+01
1,1,108	-1.17E-04	-2.23E-11	2.16E+01	4.49E+00	9.53E-06	2.16E+01
1,1,109	-1.20E-04	-2.51E-11	2.18E+01	4.54E+00	2.77E-06	2.18E+01
1,1,110	-1.21E-04	-2.00E-12	2.20E+01	4.58E+00	-5.23E-06	2.20E+01
1,1,111	-1.23E-04	3.10E-11	2.22E+01	4.62E+00	-1.03E-05	2.22E+01
1,1,112	-1.24E-04	1.34E-11	2.25E+01	4.66E+00	-1.25E-05	2.25E+01
1,1,113	-1.20E-04	2.92E-11	2.27E+01	4.70E+00	-9.74E-06	2.27E+01
1,1,114	-1.22E-04	1.38E-11	2.29E+01	4.75E+00	-3.23E-06	2.29E+01
1,1,115	-1.19E-04	3.45E-11	2.31E+01	4.79E+00	4.37E-06	2.31E+01
1,1,116	-1.21E-04	-8.60E-12	2.33E+01	4.83E+00	-7.79E-06	2.33E+01
1,1,117	-1.18E-04	4.63E-11	2.35E+01	4.87E+00	-1.17E-05	2.35E+01
1,1,118	-1.19E-04	1.10E-12	2.37E+01	4.91E+00	-1.13E-05	2.37E+01
1,1,119	-1.18E-04	5.16E-11	2.39E+01	4.96E+00	-6.12E-06	2.39E+01
1,1,120	-1.22E-04	4.45E-11	2.41E+01	5.00E+00	9.95E-07	2.41E+01
1,1,121	-1.24E-04	5.31E-11	2.43E+01	5.04E+00	-1.03E-05	2.43E+01
1,1,122	-1.19E-04	2.40E-12	2.45E+01	5.08E+00	-1.26E-05	2.45E+01
1,1,123	-1.24E-04	7.19E-11	2.47E+01	5.12E+00	-9.90E-06	2.47E+01
1,1,124	-1.20E-04	3.00E-13	2.49E+01	5.17E+00	-3.39E-06	2.49E+01
1,1,125	-1.22E-04	5.71E-11	2.51E+01	5.21E+00	3.75E-06	2.51E+01
1,1,126	-1.22E-04	-5.72E-11	2.53E+01	5.25E+00	9.11E-06	2.53E+01
1,1,127	-1.17E-04	4.00E-11	2.55E+01	5.29E+00	1.22E-05	2.55E+01
1,1,128	-1.20E-04	3.11E-11	2.57E+01	5.33E+00	1.07E-05	2.57E+01
1,1,129	-1.17E-04	3.89E-11	2.59E+01	5.38E+00	4.39E-06	2.59E+01
1,1,130	-1.21E-04	-2.75E-11	2.61E+01	5.42E+00	-2.77E-06	2.61E+01
1,1,131	-1.23E-04	4.27E-11	2.63E+01	5.46E+00	-8.37E-06	2.63E+01
1,1,132	-1.20E-04	-4.10E-12	2.65E+01	5.50E+00	-1.19E-05	2.65E+01
1,1,133	-1.23E-04	6.20E-11	2.67E+01	5.54E+00	-1.10E-05	2.67E+01
1,1,134	-1.20E-04	3.12E-11	2.69E+01	5.59E+00	-5.01E-06	2.69E+01
1,1,135	-1.24E-04	8.92E-11	2.71E+01	5.63E+00	1.96E-06	2.71E+01
1,1,136	-1.18E-04	-3.17E-11	2.73E+01	5.67E+00	7.99E-06	2.73E+01
1,1,137	-1.18E-04	4.40E-11	2.75E+01	5.71E+00	1.17E-05	2.75E+01
1,1,138	-1.17E-04	4.90E-11	2.77E+01	5.75E+00	1.15E-05	2.77E+01
1,1,139	-1.19E-04	2.65E-11	2.79E+01	5.80E+00	5.91E-06	2.79E+01
1,1,140	-1.20E-04	-5.10E-12	2.81E+01	5.84E+00	-1.02E-06	2.81E+01
1,1,141	-1.20E-04	5.70E-11	2.83E+01	5.88E+00	-7.76E-06	2.83E+01
1,1,142	-1.24E-04	5.31E-11	2.85E+01	5.92E+00	-1.13E-05	2.85E+01
1,1,143	-1.22E-04	-1.15E-10	2.87E+01	5.96E+00	-1.14E-05	2.87E+01
1,1,144	-1.21E-04	6.65E-11	2.89E+01	6.01E+00	-6.65E-06	2.89E+01
1,1,145	-1.24E-04	6.86E-11	2.91E+01	6.05E+00	1.81E-07	2.91E+01
1,1,146	-1.19E-04	-1.76E-11	2.93E+01	6.09E+00	7.54E-06	2.93E+01
1,1,147	-1.21E-04	4.96E-11	2.95E+01	6.13E+00	1.14E-05	2.95E+01
1,1,148	-1.16E-04	4.73E-11	2.97E+01	6.17E+00	1.15E-05	2.97E+01
1,1,149	-1.19E-04	4.97E-11	2.99E+01	6.22E+00	6.66E-06	2.99E+01
1,1,150	-1.20E-04	6.05E-11	3.01E+01	6.26E+00	-5.94E-07	3.01E+01
1,1,151	-1.19E-04	1.66E-11	3.03E+01	6.30E+00	-7.69E-06	3.03E+01
1,1,152	-1.23E-04	8.02E-11	3.05E+01	6.34E+00	-1.13E-05	3.05E+01
1,1,153	-1.19E-04	1.01E-10	3.08E+01	6.38E+00	-1.15E-05	3.08E+01
1,1,154	-1.24E-04	9.79E-11	3.10E+01	6.43E+00	-6.92E-06	3.10E+01
1,1,155	-1.23E-04	8.02E-11	3.12E+01	6.47E+00	-5.48E-07	3.12E+01
1,1,156	-1.21E-04	8.62E-11	3.14E+01	6.51E+00	7.09E-06	3.14E+01
1,1,157	-1.21E-04	1.46E-11	3.16E+01	6.55E+00	1.11E-05	3.16E+01
1,1,158	-1.15E-04	5.81E-11	3.18E+01	6.59E+00	1.16E-05	3.18E+01
1,1,159	-1.21E-04	7.71E-11	3.20E+01	6.64E+00	7.41E-06	3.20E+01
1,1,160	-1.19E-04	5.94E-11	3.22E+01	6.68E+00	5.87E-07	3.22E+01
1,1,161	-1.21E-04	1.24E-11	3.24E+01	6.72E+00	-7.18E-06	3.24E+01
1,1,162	-1.22E-04	9.18E-11	3.26E+01	6.76E+00	-1.12E-05	3.26E+01
1,1,163	-1.20E-04	9.11E-11	3.28E+01	6.80E+00	-1.18E-05	3.28E+01
1,1,164	-1.24E-04	1.01E-10	3.30E+01	6.85E+00	-7.24E-06	3.30E+01
1,1,165	-1.21E-04	7.51E-11	3.32E+01	6.89E+00	-9.08E-07	3.32E+01
1,1,166	-1.23E-04	8.38E-11	3.34E+01	6.93E+00	6.95E-06	3.34E+01
1,1,167	-1.22E-04	1.91E-11	3.36E+01	6.97E+00	1.11E-05	3.36E+01
1,1,168	-1.20E-04	4.64E-11	3.38E+01	7.01E+00	1.19E-05	3.38E+01
1,1,169	-1.20E-04	5.24E-11	3.40E+01	7.06E+00	7.83E-06	3.40E+01
1,1,170	-1.19E-04	4.85E-11	3.42E+01	7.10E+00	6.90E-07	3.42E+01
1,1,171	-1.21E-04	5.73E-11	3.44E+01	7.14E+00	-7.20E-06	3.44E+01
1,1,172	-1.23E-04	3.51E-11	3.46E+01	7.18E+00	-1.13E-05	3.46E+01
1,1,173	-1.24E-04	6.30E-11	3.48E+01	7.22E+00	9.59E-06	3.48E+01
1,1,174	-1.22E-04	7.11E-11	3.50E+01	7.27E+00	1.24E-05	3.50E+01
1,1,175	-1.20E-04	5.07E-11	3.52E+01	7.31E+00	1.05E-05	3.52E+01
1,1,176	-1.22E-04	4.83E-11	3.54E+01	7.35E+00	4.26E-06	3.54E+01
1,1,177	-1.22E-04	1.15E-10	3.56E+01	7.39E+00	-2.88E-06	3.56E+01
1,1,178	-1.21E-04	5.15E-11	3.58E+01	7.43E+00	1.17E-05	3.58E+01
1,1,179	-1.17E-04	1.64E-10	3.60E+01	7.48E+00	7.58E-06	3.60E+01
1,1,180	-1.20E-04	4.18E-11	3.62E+01	7.52E+00	1.02E-06	3.62E+01
1,1,181	-1.19E-04	4.15E-11	3.64E+01	7.56E+00	-6.85E-06	3.64E+01
1,1,182	-1.22E-04	5.30E-12	3.66E+01	7.60E+00	-1.12E-05	3.66E+01
1,1,183	-1.26E-04	6.70E-11	3.68E+01	7.64E+00	-1.20E-05	3.68E+01
1,1,184	-1.19E-04	4.03E-11	3.70E+01	7.69E+00	-8.21E-06	3.70E+01
1,1,185	-1.23E-04	5.50E-11	3.72E+01	7.73E+00	-1.94E-06	3.72E+01
1,1,186	-1.20E-04	4.79E-11	3.74E+01	7.77E+00	5.84E-06	3.74E+01
1,1,187	-1.21E-04	3.37E-11	3.76E+01	7.81E+00	1.11E-05	3.76E+01
1,1,188	-1.25E-04	1.92E-11	3.78E+01	7.85E+00	1.21E-05	3.78E+01
1,1,189	-1.18E-04	8.30E-12	3.80E+01	7.90E+00	8.55E-06	3.80E+01
1,1,190	-1.22E-04	2.03E-11	3.82E+01	7.94E+00	2.01E-06	3.82E+01
1,1,191	-1.18E-04	-9.70E-12	3.84E+01	7.98E+00	-5.97E-06	3.84E+01
1,1,192	-1.25E-04	-4.84E-11	3.86E+01	8.02E+00	-1.07E-05	3.86E+01
1,1,193	-1.24E-04	5.58E-11	3.89E+01	8.06E+00	-1.04E-05	3.89E+01
1,1,194	-1.21E-04	3.48E-11	3.91E+01	8.11E+00	-4.09E-06	3.91E+01
1,1,195	-1.23E-04	4.51E-11	3.93E+01	8.15E+00	2.70E-06	3.93E+01
1,1,196	-1.19E-04	3.56E-11	3.95E+01	8.19E+00	8.36E-06	3.95E+01
1,1,197	-1.26E-04	3.15E-11	3.97E+01	8.23E+00	1.20E-05	3.97E+01
1,1,198	-1.21E-04	2.67E-11	3.99E+01	8.27E+00	1.10E-05	3.99E+01
1,1,199	-1.19E-04	5.40E-12	4.01E+01	8.32E+00	4.98E-06	4.01E+01
1,1,200	-1.20E-04	1.96E-11	4.03E+01	8.36E+00	-3.58E-06	4.03E+01
1,1,201	-1.17E-04	2.85E-11	4.05E+01	8.40E+00	-9.39E-06	4.05E+01
1,1,202	-1.22E-04	3.69E-11	4.07E+01	8.44E+00	-1.23E-05	4.07E+01
1,1,203	-1.21E-04	5.38E-11	4.09E+01	8.48E+00	-1.03E-05	4.09E+01
1,1,204	-1.23E-04	4.74E-11	4.11E+01	8.53E+00	-3.85E-06	4.11E+01
1,1,205	-1.22E-04	3.71E-11	4.13E+01	8.57E+00	2.87E-06	4.13E+01
1,1,206	-1.21E-04	2.10E-11	4.15E+01	8.61E+00	8.67E-06	4.15E+01
1,1,207	-1.25E-04	3.82E-11	4.17E+01	8.65E+00	1.21E-05	4.17E+01
1,1,208	-1.18E-04	-2.60E-12	4.19E+01	8.69E+00	1.09E-05	4.19E+01
1,1,209	-1.23E-04	6.94E-11	4.21E+01	8.74E+00	3.67E-06	4.21E+01
1,1,210	-1.19E-04	2.57E-11	4.23E+01	8.78E+00	-3.10E-06	4.23E+01
1,1,211	-1.19E-04	3.21E-11	4.25E+01	8.82E+00	-8.77E-06	4.25E+01
1,1,212	-1.22E-04	3.59E-11	4.27E+01	8.86E+00	-1.22E-05	4.27E+01
1,1,213	-1.21E-04	-5.16E-11	4.29E+01	8.90E+00	-1.05E-05	4.29E+01
1,1,214	-1.24E-04	8.00E-11	4.31E+01	8.95E+00	-3.74E-06	4.31E+01
1,1,215	-1.20E-04	2.12E-11	4.33E+01	8.99E+00	3.34E-06	4.33E+01
1,1,216	-1.24E-04	2.01E-11	4.35E+01	9.03E+00	9.47E-06	4.35E+01
1,1,217	-1.23E-04	3.73E-11	4.37E+01	9.07E+00	1.24E-05	4.37E+01
1,1,218	-1.20E-04	7.90E-12	4.39E+01	9.11E+00	1.03E-05	4.39E+01
1,1,219	-1.24E-04	6.05E-11	4.41E+01	9.16E+00	3.45E-06	4.41E+01
1,1,220	-1.18E-04	2.93E-11	4.43E+01	9.20E+00	-3.95E-06	4.43E+01
1,1,221	-1.21E-04	3.87E-11	4.45E+01	9.24E+00	-1.05E-05	4.45E+01
1,1,222	-1.20E-04	5.92E-11	4.47E+01	9.28E+00	-1.25E-05	4.47E+01
1,1,223	-1.21E-04	7.23E-11	4.49E+01	9.32E+00	-1.00E-05	4.49E+01
1,1,224	-1.22E-04	4.06E-11	4.51E+01	9.37E+00	-3.25E-06	4.51E+01
1,1,225	-1.21E-04	1.37E-11	4.53E+01	9.41E+00	6.47E-06	4.53E+01
1,1,226	-1.25E-04	5.00E-11	4.55E+01	9.45E+00	-1.01E-06	4.55E+01
1,1,227	-1.21E-04	5.63E-11	4.57E+01	9.49E+00	-7.83E-06	4.57E+01
1,1,228	-1.24E-04	4.26E-11	4.59E+01	9.53E+00	-1.16E-05	4.59E+01
1,1,229	-1.20E-04	7.53E-11	4.61E+01	9.58E+00	-1.12E-05	4.61E+01
1,1,230	-1.19E-04	2.69E-11	4.63E+01	9.62E+00	1.24E-07	4.63E+01
1,1,231	-1.21E-04	3.52E-11	4.65E+01	9.66E+00	-7.43E-06	4.65E+01
1,1,232	-1.17E-04	8.00E-11	4.67E+01	9.70E+00	-1.13E-05	4.67E+01
1,1,233	-1.23E-04	9.15E-11	4.69E+01	9.74E+00	-1.14E-05	4.69E+01
1,1,234	-1.18E-04	8.59E-11	4.71E+01	9.79E+00	-7.04E-06	4.71E+01
1,1,235	-1.22E-04	8.88E-11	4.74E+01	9.83E+00	-2.16E-07	4.74E+01
1,1,236	-1.23E-04	8.12E-11	4.76E+01	9.87E+00	7.38E-06	4.76E+01
1,1,237	-1.20E-04	7.00E-11	4.78E+01	9.91E+00	1.12E-05	4.78E+01
1,1,238	-1.24E-04	8.84E-11	4.80E+01	9.95E+00	1.16E-05	4.80E+01
1,1,239	-1.20E-04	4.98E-11	4.82E+01	1.00E+01	7.06E-06	4.82E+01
1,1,240	-1.24E-04	1.33E-10	4.84E+01	1.00E+01	-1.23E-07	4.84E+01
1,1,241	-1.20E-04	8.46E-11	4.86E+01	1.01E+01	-7.53E-06	4.86E+01
1,1,242	-1.18E-04	9.15E-11	4.88E+01	1.01E+01	-1.14E-05	4.88E+01
1,1,243	-1.20E-04	1.17E-10	4.90E+01	1.02E+01	-1.13E-05	4.90E+01
1,1,244	-1.18E-04	1.16E-10	4.92E+01	1.02E+01	-6.34E-06	4.92E+01
1,1,245	-1.25E-04	1.20E-10	4.94E+01	1.02E+01	8.39E-07	4.94E+01
1,1,246	-1.21E-04	1.19E-10	4.96E+01	1.03E+01	7.72E-06	4.96E+01
1,1,247	-1.23E-04	1.19E-10	4.98E+01	1.03E+01	1.14E-05	4.98E+01
1,1,248	-1.22E-04	1.27E-10	5.00E+01	1.04E+01	1.14E-05	5.00E+01
1,1,249	-1.21E-04	1.01E-10	5.02E+01	1.04E+01	6.57E-06	5.02E+01
1,1,250	-1.25E-04	1.81E-10	5.04E+01	1.05E+01	-7.93E-07	5.04E+01
1,1,251	-1.18E-04	1.18E-10	5.06E+01	1.05E+01	-7.80E-06	5.06E+01
1,1,252	-1.21E-04	1.34E-10	5.08E+01	1.05E+01	-1.17E-05	5.08E+01
1,1,253	-1.18E-04	1.63E-10	5.10E+01	1.06E+01	-1.12E-05	5.10E+01
1,1,254	-1.19E-04	1.47E-10	5.12E+01	1.06E+01	-5.14E-06	5.12E+01
1,1,255	-1.26E-04	2.22E-10	5.14E+01	1.07E+01	2.10E-06	5.14E+01
1,1,256	-1.20E-04	1.73E-10	5.16E+01	1.07E+01	8.00E-06	5.16E+01
1,1,257	-1.24E-04	1.81E-10	5.18E+01	1.08E+01	1.18E-05	5.18E+01
1,1,258	-1.19E-04	1.70E-10	5.20E+01	1.08E+01	1.12E-05	5.20E+01
1,1,259	-1.23E-04	1.78E-10	5.22E+01	1.08E+01	5.25E-06	5.22E+01
1,1,260	-1.24E-04	1.92E-10	5.24E+01	1.09E+01	-2.00E-06	5.24E+01
1,1,261	-1.16E-04	2.40E-10	5.26E+01	1.09E+01	-7.96E-06	5.26E+01
1,1,262	-1.21E-04	1.85E-10	5.28E+01	1.10E+01	-1.19E-05	5.28E+01
1,1,263	-1.16E-04	2.01E-10	5.30E+01	1.10E+01	-1.11E-05	5.30E+01
1,1,264	-1.20E-04	2.12E-10	5.32E+01	1.10E+01	-4.93E-06	5.32E+01
1,1,265	-1.23E-04	2.72E-10	5.34E+01	1.11E+01	2.15E-06	5.34E+01
1,1,266	-1.22E-04	2.37E-10	5.36E+01	1.11E+01	7.93E-06	5.36E+01
1,1,267	-1.23E-04	2.43E-10	5.38E+01	1.12E+01	1.17E-05	5.38E+01
1,1,268	-1.17E-04	2.25E-10	5.40E+01	1.12E+01	1.14E-05	5.40E+01
1,1,269	-1.25E-04	2.49E-10	5.42E+01	1.13E+01	6.23E-06	5.42E+01
1,1,270	-1.21E-04	2.44E-10	5.44E+01	1.13E+01	-1.01E-06	5.44E+01
1,1,271	-1.22E-04	3.00E-10	5.46E+01	1.13E+01	-7.83E-06	5.46E+01
1,1,272	-1.19E-04	2.23E-10	5.48E+01	1.14E+01	-1.14E-05	5.48E+01
1,1,273	-1.18E-04	2.28E-10	5.50E+01	1.14E+01	-1.14E-05	5.50E+01
1,1,274	-1.19E-04	2.41E-10	5.52E+01	1.15E+01	-6.65E-06	5.52E+01
1,1,275	-1.19E-04	2.68E-10	5.54E+01	1.15E+01	2.03E-07	5.54E+01
1,1,276	-1.23E-04	2.53E-10	5.56E+01	1.16E+01	7.47E-06	5.56E+01
1,1,277	-1.21E-04	2.46E-10	5.58E+01	1.16E+01	1.12E-05	5.58E+01
1,1,278	-1.21E-04	2.21E-10	5.60E+01	1.16E+01	1.16E-05	5.60E+01
1,1,279	-1.24E-04	2.23E-10	5.62E+01	1.17E+01	7.27E-06	5.62E+01
1,1,280	-1.20E-04	2.06E-10	5.64E+01	1.17E+01	3.62E-07	5.64E+01
1,1,281	-1.24E-04	2.72E-10	5.66E+01	1.18E+01	-7.18E-06	5.66E+01
1,1,282	-1.17E-04	1.76E-10	5.68E+01	1.18E+01	-7.61E-06	5.68E+01
1,1,283	-1.19E-04	1.80E-10	5.70E+01	1.18E+01	-1.28E-06	5.70E+01
1,1,284	-1.19E-04	1.67E-10	5.73E+01	1.19E+01	6.46E-06	5.73E+01
1,1,285	-1.19E-04	1.56E-10	5.75E+01	1.19E+01	1.10E-05	5.75E+01
1,1,286	-1.20E-04	1.99E-10	5.77E+01	1.20E+01	1.22E-05	5.77E+01
1,1,287	-1.20E-04	1.30E-10	5.79E+01	1.20E+01	-1.72E-07	5.79E+01
1,1,288	-1.25E-04	1.46E-10	5.81E+01	1.21E+01	7.27E-06	5.81E+01
1,1,289	-1.21E-04	1.40E-10	5.83E+01	1.21E+01	1.12E-05	5.83E+01
1,1,290	-1.23E-04	1.26E-10	5.85E+01	1.21E+01	1.16E-05	5.85E+01
1,1,291	-1.22E-04	1.12E-10	5.87E+01	1.22E+01	7.94E-06	5.87E+01
1,1,292	-1.21E-04	1.49E-10	5.89E+01	1.22E+01	1.39E-06	5.89E+01
1,1,293	-1.21E-04	1.03E-10	5.91E+01	1.23E+01	-6.48E-06	5.91E+01
1,1,294	-1.17E-04	1.02E-10	5.93E+01	1.23E+01	-1.11E-05	5.93E+01
1,1,295	-1.21E-04	1.10E-10	5.95E+01	1.23E+01	-1.21E-05	5.95E+01
1,1,296	-1.18E-04	1.16E-10	5.97E+01	1.24E+01	-8.33E-06	5.97E+01
1,1,297	-1.22E-04	1.07E-10	5.99E+01	1.24E+01	-1.89E-06	5.99E+01
1,1,298	-1.24E-04	9.09E-11	6.01E+01	1.25E+01	5.75E-06	6.01E+01
1,1,299	-1.19E-04	7.92E-11	6.03E+01	1.25E+01	1.07E-05	6.03E+01
1,1,300	-1.25E-04	8.20E-11	6.05E+01	1.26E+01	1.25E-05	6.05E+01
1,1,301	-1.19E-04	4.76E-11	6.07E+01	1.26E+01	9.65E-06	6.07E+01
1,1,302	-1.23E-04	1.05E-10	6.09E+01	1.26E+01	2.73E-06	6.09E+01
1,1,303	-1.20E-04	-4.21E-11	6.11E+01	1.27E+01	-5.27E-06	6.11E+01
1,1,304	-1.18E-04	6.36E-11	6.13E+01	1.27E+01	-1.05E-05	6.13E+01
1,1,305	-1.22E-04	7.75E-11	6.15E+01	1.28E+01	-1.25E-05	6.15E+01
1,1,306	-1.14E-04	8.14E-11	6.17E+01	1.28E+01	-9.53E-06	6.17E+01
1,1,307	-1.25E-04	6.93E-11	6.19E+01	1.29E+01	-2.70E-06	6.19E+01
1,1,308	-1.23E-04	5.91E-11	6.21E+01	1.29E+01	4.67E-06	6.21E+01
1,1,309	-1.20E-04	-1.29E-11	6.23E+01	1.29E+01	9.98E-06	6.23E+01
1,1,310	-1.22E-04	2.29E-11	6.25E+01	1.30E+01	1.26E-05	6.25E+01
1,1,311	-1.18E-04	1.01E-11	6.27E+01	1.30E+01	1.02E-05	6.27E+01
1,1,312	-1.25E-04	8.72E-11	6.29E+01	1.31E+01	3.15E-06	6.29E+01
1,1,313	-1.19E-04	3.96E-11	6.31E+01	1.31E+01	-5.63E-06	6.31E+01
1,1,314	-1.21E-04	4.10E-11	6.33E+01	1.31E+01	-1.06E-05	6.33E+01
1,1,315	-1.20E-04	5.79E-11	6.35E+01	1.32E+01	-1.23E-05	6.35E+01
1,1,316	-1.16E-04	4.70E-11	6.37E+01	1.32E+01	-8.89E-06	6.37E+01
1,1,317	-1.27E-04	7.27E-11	6.39E+01	1.33E+01	-2.37E-06	6.39E+01
1,1,318	-1.20E-04	4.50E-11	6.41E+01	1.33E+01	5.23E-06	6.41E+01
1,1,319	-1.23E-04	4.05E-11	6.43E+01	1.34E+01	1.10E-05	6.43E+01
1,1,320	-1.21E-04	4.28E-11	6.45E+01	1.34E+01	1.22E-05	6.45E+01
1,1,321	-1.21E-04	1.38E-11	6.47E+01	1.34E+01	8.90E-06	6.47E+01
1,1,322	-1.26E-04	3.07E-11	6.49E+01	1.35E+01	2.18E-06	6.49E+01
1,1,323	-1.20E-04	1.09E-10	6.51E+01	1.35E+01	-5.68E-06	6.51E+01
1,1,324	-1.21E-04	3.90E-11	6.53E+01	1.36E+01	-1.06E-05	6.53E+01
1,1,325	-1.19E-04	5.63E-11	6.55E+01	1.36E+01	-1.26E-05	6.55E+01
1,1,326	-1.19E-04	6.59E-11	6.57E+01	1.37E+01	-9.43E-06	6.57E+01
1,1,327	-1.26E-04	6.40E-11	6.59E+01	1.37E+01	-2.58E-06	6.59E+01
1,1,328	-1.21E-04	5.50E-11	6.61E+01	1.37E+01	5.12E-06	6.61E+01
1,1,329	-1.24E-04	5.09E-11	6.63E+01	1.38E+01	1.03E-05	6.63E+01
1,1,330	-1.19E-04	4.36E-11	6.65E+01	1.38E+01	1.25E-05	6.65E+01
1,1,331	-1.23E-04	4.46E-11	6.67E+01	1.39E+01	1.00E-05	6.67E+01
1,1,332	-1.25E-04	3.39E-11	6.69E+01	1.39E+01	3.24E-06	6.69E+01
1,1,333	-1.22E-04	1.18E-10	6.71E+01	1.39E+01	-4.35E-06	6.71E+01
1,1,334	-1.20E-04	5.81E-11	6.73E+01	1.40E+01	-9.67E-06	6.73E+01
1,1,335	-1.17E-04	6.90E-11	6.75E+01	1.40E+01	-1.24E-05	6.75E+01
1,1,336	-1.22E-04	9.97E-11	6.77E+01	1.41E+01	-1.00E-05	6.77E+01
1,1,337	-1.18E-04	5.62E-11	6.79E+01	1.41E+01	-3.49E-06	6.79E+01
1,1,338	-1.23E-04	1.73E-10	6.81E+01	1.42E+01	3.61E-06	6.81E+01
1,1,339	-1.21E-04	6.95E-11	6.84E+01	1.42E+01	1.01E-05	6.84E+01
1,1,340	-1.22E-04	6.08E-11	6.86E+01	1.42E+01	3.41E-06	6.86E+01
1,1,341	-1.24E-04	9.04E-11	6.88E+01	1.43E+01	-4.08E-06	6.88E+01
1,1,342	-1.20E-04	9.99E-11	6.90E+01	1.43E+01	-9.65E-06	6.90E+01
1,1,343	-1.22E-04	1.23E-10	6.92E+01	1.44E+01	-1.25E-05	6.92E+01
1,1,344	-1.21E-04	6.89E-11	6.94E+01	1.44E+01	2.02E-06	6.94E+01
1,1,345	-1.20E-04	9.78E-11	6.96E+01	1.44E+01	-5.82E-06	6.96E+01
1,1,346	-1.21E-04	1.10E-10	6.98E+01	1.45E+01	-1.08E-05	6.98E+01
1,1,347	-1.18E-04	1.19E-10	7.00E+01	1.45E+01	-1.23E-05	7.00E+01
1,1,348	-1.21E-04	1.69E-10	7.02E+01	1.46E+01	-9.03E-06	7.02E+01
1,1,349	-1.21E-04	1.39E-10	7.04E+01	1.46E+01	-1.83E-06	7.04E+01
1,1,350	-1.23E-04	1.48E-10	7.06E+01	1.47E+01	5.87E-06	7.06E+01
1,1,351	-1.23E-04	1.51E-10	7.08E+01	1.47E+01	1.08E-05	7.08E+01
1,1,352	-1.19E-04	1.39E-10	7.10E+01	1.47E+01	1.24E-05	7.10E+01
1,1,353	-1.23E-04	1.32E-10	7.12E+01	1.48E+01	9.01E-06	7.12E+01
1,1,354	-1.19E-04	1.92E-10	7.14E+01	1.48E+01	-2.05E-06	7.14E+01
1,1,355	-1.21E-04	1.57E-10	7.16E+01	1.49E+01	-8.16E-06	7.16E+01
1,1,356	-1.21E-04	1.79E-10	7.18E+01	1.49E+01	-1.20E-05	7.18E+01
1,1,357	-1.19E-04	1.90E-10	7.20E+01	1.50E+01	-1.09E-05	7.20E+01
1,1,358	-1.20E-04	2.18E-10	7.22E+01	1.50E+01	-4.43E-06	7.22E+01
1,1,359	-1.19E-04	2.14E-10	7.24E+01	1.50E+01	2.39E-06	7.24E+01
1,1,360	-1.24E-04	2.15E-10	7.26E+01	1.51E+01	8.14E-06	7.26E+01
1,1,361	-1.21E-04	2.22E-10	7.28E+01	1.51E+01	1.20E-05	7.28E+01
1,1,362	-1.20E-04	2.16E-10	7.30E+01	1.52E+01	1.11E-05	7.30E+01
1,1,363	-1.22E-04	2.05E-10	7.32E+01	1.52E+01	5.02E-06	7.32E+01
1,1,364	-1.20E-04	2.85E-10	7.34E+01	1.52E+01	-2.24E-06	7.34E+01
1,1,365	-1.21E-04	2.29E-10	7.36E+01	1.53E+01	-8.11E-06	7.36E+01
1,1,366	-1.17E-04	2.52E-10	7.38E+01	1.53E+01	-1.20E-05	7.38E+01
1,1,367	-1.22E-04	2.80E-10	7.40E+01	1.54E+01	-1.08E-05	7.40E+01
1,1,368	-1.18E-04	2.75E-10	7.42E+01	1.54E+01	-4.83E-06	7.42E+01
1,1,369	-1.22E-04	3.58E-10	7.44E+01	1.55E+01	2.43E-06	7.44E+01
1,1,370	-1.24E-04	3.10E-10	7.46E+01	1.55E+01	8.45E-06	7.46E+01
1,1,371	-1.19E-04	3.11E-10	7.48E+01	1.55E+01	1.21E-05	7.48E+01
1,1,372	-1.23E-04	3.26E-10	7.50E+01	1.56E+01	1.08E-05	7.50E+01
1,1,373	-1.20E-04	3.00E-10	7.52E+01	1.56E+01	4.49E-06	7.52E+01
1,1,374	-1.23E-04	3.47E-10	7.54E+01	1.57E+01	-2.65E-06	7.54E+01
1,1,375	-1.19E-04	3.86E-10	7.56E+01	1.57E+01	-8.26E-06	7.56E+01
1,1,376	-1.18E-04	3.43E-10	7.58E+01	1.58E+01	-1.22E-05	7.58E+01
1,1,377	-1.22E-04	3.91E-10	7.60E+01	1.58E+01	-1.06E-05	7.60E+01
1,1,378	-1.17E-04	3.67E-10	7.62E+01	1.58E+01	-4.30E-06	7.62E+01
1,1,379	-1.23E-04	4.54E-10	7.64E+01	1.59E+01	3.35E-06	7.64E+01
1,1,380	-1.22E-04	4.18E-10	7.66E+01	1.59E+01	8.72E-06	7.66E+01
1,1,381	-1.20E-04	4.14E-10	7.68E+01	1.60E+01	1.22E-05	7.68E+01
1,1,382	-1.21E-04	4.21E-10	7.71E+01	1.60E+01	1.07E-05	7.71E+01
1,1,383	-1.19E-04	3.92E-10	7.73E+01	1.60E+01	4.21E-06	7.73E+01
1,1,384	-1.25E-04	4.44E-10	7.75E+01	1.61E+01	-3.16E-06	7.75E+01
1,1,385	-1.19E-04	4.86E-10	7.77E+01	1.61E+01	-8.59E-06	7.77E+01
1,1,386	-1.20E-04	4.18E-10	7.79E+01	1.62E+01	-1.22E-05	7.79E+01
1,1,387	-1.20E-04	4.60E-10	7.81E+01	1.62E+01	-1.03E-05	7.81E+01
1,1,388	-1.16E-04	4.24E-10	7.83E+01	1.63E+01	-3.88E-06	7.83E+01
1,1,389	-1.22E-04	4.93E-10	7.85E+01	1.63E+01	3.32E-06	7.85E+01
1,1,390	-1.20E-04	4.57E-10	7.87E+01	1.63E+01	8.73E-06	7.87E+01
1,1,391	-1.21E-04	4.43E-10	7.89E+01	1.64E+01	1.16E-05	7.89E+01
1,1,392	-1.22E-04	4.14E-10	7.91E+01	1.64E+01	7.72E-06	7.91E+01
1,1,393	-1.21E-04	4.12E-10	7.93E+01	1.65E+01	1.12E-06	7.93E+01
1,1,394	-1.24E-04	4.22E-10	7.95E+01	1.65E+01	-6.85E-06	7.95E+01
1,1,395	-1.16E-04	4.51E-10	7.97E+01	1.65E+01	-1.12E-05	7.97E+01
1,1,396	-1.20E-04	3.70E-10	7.99E+01	1.66E+01	-4.39E-06	7.99E+01
1,1,397	-1.18E-04	3.26E-10	8.01E+01	1.66E+01	2.57E-06	8.01E+01
1,1,398	-1.17E-04	3.44E-10	8.03E+01	1.67E+01	8.19E-06	8.03E+01
1,1,399	-1.20E-04	3.40E-10	8.05E+01	1.67E+01	1.20E-05	8.05E+01
1,1,400	-1.15E-04	3.12E-10	8.07E+01	1.68E+01	1.11E-05	8.07E+01
1,1,401	-1.23E-04	3.39E-10	8.09E+01	1.68E+01	1.30E-06	8.09E+01
1,1,402	-1.19E-04	3.14E-10	8.11E+01	1.68E+01	7.77E-06	8.11E+01
1,1,403	-1.23E-04	2.84E-10	8.13E+01	1.69E+01	1.15E-05	8.13E+01
1,1,404	-1.20E-04	3.53E-10	8.15E+01	1.69E+01	1.15E-05	8.15E+01
1,1,405	-1.20E-04	2.40E-10	8.17E+01	1.70E+01	6.48E-06	8.17E+01
1,1,406	-1.23E-04	2.88E-10	8.19E+01	1.70E+01	-8.74E-07	8.19E+01
1,1,407	-1.17E-04	2.37E-10	8.21E+01	1.71E+01	-7.71E-06	8.21E+01
1,1,408	-1.22E-04	2.39E-10	8.23E+01	1.71E+01	-1.14E-05	8.23E+01
1,1,409	-1.19E-04	2.46E-10	8.25E+01	1.71E+01	-1.13E-05	8.25E+01
1,1,410	-1.19E-04	2.23E-10	8.27E+01	1.72E+01	-6.30E-06	8.27E+01
1,1,411	-1.23E-04	2.27E-10	8.29E+01	1.72E+01	7.53E-07	8.29E+01
1,1,412	-1.18E-04	9.90E+37	8.31E+01	1.73E+01	7.80E-06	8.31E+01
1,1,413	-1.23E-04	1.13E-10	8.33E+01	1.73E+01	1.13E-05	8.33E+01
1,1,414	-1.20E-04	1.34E-10	8.35E+01	1.73E+01	1.16E-05	8.35E+01
1,1,415	-1.23E-04	1.35E-10	8.37E+01	1.74E+01	6.90E-06	8.37E+01
1,1,416	-1.23E-04	1.76E-10	8.39E+01	1.74E+01	-3.63E-07	8.39E+01
1,1,417	-1.18E-04	1.24E-10	8.41E+01	1.75E+01	-7.52E-06	8.41E+01
1,1,418	-1.22E-04	1.26E-10	8.43E+01	1.75E+01	-1.13E-05	8.43E+01
1,1,419	-1.18E-04	1.31E-10	8.45E+01	1.76E+01	-1.15E-05	8.45E+01
1,1,420	-1.21E-04	1.55E-10	8.47E+01	1.76E+01	-6.79E-06	8.47E+01
1,1,421	-1.24E-04	1.15E-10	8.49E+01	1.76E+01	8.20E-08	8.49E+01
1,1,422	-1.21E-04	1.08E-10	8.51E+01	1.77E+01	7.95E-06	8.51E+01
1,1,423	-1.26E-04	9.90E-11	8.53E+01	1.77E+01	1.17E-05	8.53E+01
1,1,424	-1.18E-04	6.37E-11	8.55E+01	1.78E+01	1.14E-05	8.55E+01
1,1,425	-1.24E-04	6.93E-11	8.57E+01	1.78E+01	5.49E-06	8.57E+01
1,1,426	-1.23E-04	8.20E-11	8.60E+01	1.79E+01	-1.72E-06	8.60E+01
1,1,427	-1.19E-04	1.54E-10	8.62E+01	1.79E+01	-7.80E-06	8.62E+01
1,1,428	-1.22E-04	9.19E-11	8.64E+01	1.79E+01	-1.18E-05	8.64E+01
1,1,429	-1.18E-04	9.98E-11	8.66E+01	1.80E+01	-1.12E-05	8.66E+01
1,1,430	-1.20E-04	6.85E-11	8.68E+01	1.80E+01	-4.74E-06	8.68E+01
1,1,431	-1.21E-04	1.25E-10	8.70E+01	1.81E+01	2.62E-06	8.70E+01
1,1,432	-1.24E-04	6.84E-11	8.72E+01	1.81E+01	8.33E-06	8.72E+01
1,1,433	-1.23E-04	7.21E-11	8.74E+01	1.81E+01	1.20E-05	8.74E+01
1,1,434	-1.18E-04	3.90E-11	8.76E+01	1.82E+01	1.10E-05	8.76E+01
1,1,435	-1.23E-04	3.93E-11	8.78E+01	1.82E+01	4.87E-06	8.78E+01
1,1,436	-1.21E-04	5.58E-11	8.80E+01	1.83E+01	-2.48E-06	8.80E+01
1,1,437	-1.22E-04	1.31E-10	8.82E+01	1.83E+01	-8.20E-06	8.82E+01
1,1,438	-1.22E-04	8.13E-11	8.84E+01	1.84E+01	-1.20E-05	8.84E+01
1,1,439	-1.21E-04	9.04E-11	8.86E+01	1.84E+01	-1.07E-05	8.86E+01
1,1,440	-1.18E-04	8.27E-11	8.88E+01	1.84E+01	-4.42E-06	8.88E+01
1,1,441	-1.20E-04	1.29E-10	8.90E+01	1.85E+01	2.56E-06	8.90E+01
1,1,442	-1.25E-04	7.38E-11	8.92E+01	1.85E+01	8.46E-06	8.92E+01
1,1,443	-1.21E-04	7.45E-11	8.94E+01	1.86E+01	1.20E-05	8.94E+01
1,1,444	-1.20E-04	5.15E-11	8.96E+01	1.86E+01	1.09E-05	8.96E+01
1,1,445	-1.22E-04	4.04E-11	8.98E+01	1.86E+01	4.75E-06	8.98E+01
1,1,446	-1.22E-04	7.26E-11	9.00E+01	1.87E+01	-2.67E-06	9.00E+01
1,1,447	-1.23E-04	1.51E-10	9.02E+01	1.87E+01	-8.62E-06	9.02E+01
1,1,448	-1.18E-04	9.84E-11	9.04E+01	1.88E+01	-1.21E-05	9.04E+01
1,1,449	-1.20E-04	1.19E-10	9.06E+01	1.88E+01	-1.05E-05	9.06E+01
1,1,450	-1.20E-04	9.72E-11	9.08E+01	1.89E+01	-3.11E-06	9.08E+01
1,1,451	-1.16E-04	1.07E-10	9.10E+01	1.89E+01	4.32E-06	9.10E+01
1,1,452	-1.24E-04	1.67E-10	9.12E+01	1.89E+01	9.96E-06	9.12E+01
1,1,453	-1.20E-04	7.00E-11	9.14E+01	1.90E+01	4.78E-06	9.14E+01
1,1,454	-1.25E-04	1.13E-10	9.16E+01	1.90E+01	-2.49E-06	9.16E+01
1,1,455	-1.22E-04	1.42E-10	9.18E+01	1.91E+01	-8.31E-06	9.18E+01
1,1,456	-1.23E-04	1.48E-10	9.20E+01	1.91E+01	-1.21E-05	9.20E+01
1,1,457	-1.23E-04	1.85E-10	9.22E+01	1.92E+01	-1.04E-05	9.22E+01
1,1,458	-1.16E-04	1.72E-10	9.24E+01	1.92E+01	-1.14E-05	9.24E+01
1,1,459	-1.23E-04	1.80E-10	9.26E+01	1.92E+01	-1.14E-05	9.26E+01
1,1,460	-1.16E-04	1.52E-10	9.28E+01	1.93E+01	-6.32E-06	9.28E+01
1,1,461	-1.19E-04	1.75E-10	9.30E+01	1.93E+01	9.49E-07	9.30E+01
1,1,462	-1.21E-04	2.35E-10	9.32E+01	1.94E+01	7.80E-06	9.32E+01
1,1,463	-1.20E-04	1.73E-10	9.34E+01	1.94E+01	1.18E-05	9.34E+01
1,1,464	-1.20E-04	1.85E-10	9.36E+01	1.94E+01	1.14E-05	9.36E+01
1,1,465	-1.19E-04	1.47E-10	9.38E+01	1.95E+01	5.45E-06	9.38E+01
1,1,466	-1.26E-04	1.90E-10	9.40E+01	1.95E+01	-1.83E-06	9.40E+01
1,1,467	-1.22E-04	2.21E-10	9.42E+01	1.96E+01	-8.03E-06	9.42E+01
1,1,468	-1.18E-04	2.51E-10	9.45E+01	1.96E+01	-1.19E-05	9.45E+01
1,1,469	-1.22E-04	3.80E-10	9.47E+01	1.97E+01	-1.09E-05	9.47E+01
1,1,470	-1.17E-04	2.87E-10	9.49E+01	1.97E+01	-4.24E-06	9.49E+01
1,1,471	-1.22E-04	2.50E-10	9.51E+01	1.97E+01	2.54E-06	9.51E+01
1,1,472	-1.19E-04	3.23E-10	9.53E+01	1.98E+01	8.41E-06	9.53E+01
1,1,473	-1.23E-04	2.66E-10	9.55E+01	1.98E+01	1.25E-05	9.55E+01
1,1,474	-1.20E-04	2.67E-10	9.57E+01	1.99E+01	1.03E-05	9.57E+01
1,1,475	-1.23E-04	2.51E-10	9.59E+01	1.99E+01	3.52E-06	9.59E+01
1,1,476	-1.27E-04	3.07E-10	9.61E+01	2.00E+01	-4.25E-06	9.61E+01
1,1,477	-1.21E-04	3.28E-10	9.63E+01	2.00E+01	-9.75E-06	9.63E+01
1,1,478	-1.24E-04	3.69E-10	9.65E+01	2.00E+01	-1.26E-05	9.65E+01
1,1,479	-1.17E-04	3.62E-10	9.67E+01	2.01E+01	-9.85E-06	9.67E+01
1,1,480	-1.20E-04	3.40E-10	9.69E+01	2.01E+01	-3.03E-06	9.69E+01
1,1,481	-1.21E-04	3.68E-10	9.71E+01	2.02E+01	4.76E-06	9.71E+01
1,1,482	-1.17E-04	3.71E-10	9.73E+01	2.02E+01	1.01E-05	9.73E+01
1,1,483	-1.22E-04	4.35E-10	9.75E+01	2.02E+01	1.26E-05	9.75E+01
1,1,484	-1.20E-04	3.80E-10	9.77E+01	2.03E+01	9.98E-06	9.77E+01
1,1,485	-1.26E-04	4.00E-10	9.79E+01	2.03E+01	3.21E-06	9.79E+01
1,1,486	-1.26E-04	4.43E-10	9.81E+01	2.04E+01	-4.45E-06	9.81E+01
1,1,487	-1.21E-04	4.65E-10	9.83E+01	2.04E+01	-1.03E-05	9.83E+01
1,1,488	-1.25E-04	5.10E-10	9.85E+01	2.05E+01	-1.25E-05	9.85E+01
1,1,489	-1.14E-04	4.83E-10	9.87E+01	2.05E+01	-9.43E-06	9.87E+01
1,1,490	-1.22E-04	4.85E-10	9.89E+01	2.05E+01	-2.51E-06	9.89E+01
1,1,491	-1.20E-04	5.04E-10	9.91E+01	2.06E+01	5.53E-06	9.91E+01
1,1,492	-1.18E-04	5.11E-10	9.93E+01	2.06E+01	1.06E-05	9.93E+01
1,1,493	-1.20E-04	5.92E-10	9.95E+01	2.07E+01	1.24E-05	9.95E+01
1,1,494	-1.20E-04	5.14E-10	9.97E+01	2.07E+01	9.04E-06	9.97E+01
1,1,495	-1.26E-04	5.65E-10	9.99E+01	2.07E+01	1.37E-06	9.99E+01
1,1,496	-1.24E-04	5.86E-10	1.00E+02	2.08E+01	-6.89E-06	1.00E+02
1,1,497	-1.22E-04	6.13E-10	1.00E+02	2.08E+01	-1.12E-05	1.00E+02
1,1,498	-1.28E-04	4.66E-10	1.00E+02	2.09E+01	-1.15E-05	1.00E+02
1,1,499	-1.12E-04	9.90E+37	1.01E+02	2.09E+01	-7.15E-06	1.01E+02
1,1,500	-1.22E-04	5.88E-10	1.01E+02	2.10E+01	-1.03E-07	1.01E+02
1,1,501	-1.19E-04	5.89E-10	1.01E+02	2.10E+01	7.53E-06	1.01E+02
1,1,502	-1.18E-04	5.93E-10	1.01E+02	2.10E+01	1.12E-05	1.01E+02
1,1,503	-1.19E-04	6.11E-10	1.02E+02	2.11E+01	1.17E-05	1.02E+02
1,1,504	-1.19E-04	5.43E-10	1.02E+02	2.11E+01	6.96E-06	1.02E+02
1,1,505	-1.24E-04	6.56E-10	1.02E+02	2.12E+01	-6.13E-06	1.02E+02
1,1,506	-1.22E-04	6.39E-10	1.02E+02	2.12E+01	1.21E-06	1.02E+02
1,1,507	-1.22E-04	6.21E-10	1.02E+02	2.13E+01	7.88E-06	1.02E+02
1,1,508	-1.24E-04	6.15E-10	1.03E+02	2.13E+01	1.17E-05	1.03E+02
1,1,509	-1.19E-04	6.72E-10	1.03E+02	2.13E+01	1.14E-05	1.03E+02
1,1,510	-1.22E-04	5.60E-10	1.03E+02	2.14E+01	1.17E-05	1.03E+02
1,1,511	-1.15E-04	5.35E-10	1.03E+02	2.14E+01	1.14E-05	1.03E+02
1,1,512	-1.21E-04	5.27E-10	1.03E+02	2.15E+01	5.07E-06	1.03E+02
1,1,513	-1.21E-04	5.41E-10	1.04E+02	2.15E+01	-2.74E-06	1.04E+02
1,1,514	-1.24E-04	5.16E-10	1.04E+02	2.15E+01	-8.69E-06	1.04E+02
1,1,515	-1.26E-04	5.69E-10	1.04E+02	2.16E+01	-1.25E-05	1.04E+02
1,1,516	-1.16E-04	5.57E-10	1.04E+02	2.16E+01	-9.85E-06	1.04E+02
1,1,517	-1.25E-04	5.38E-10	1.04E+02	2.17E+01	-3.13E-06	1.04E+02
1,1,518	-1.22E-04	5.08E-10	1.05E+02	2.17E+01	4.67E-06	1.05E+02
1,1,519	-1.22E-04	4.77E-10	1.05E+02	2.18E+01	1.06E-05	1.05E+02
1,1,520	-1.24E-04	4.22E-10	1.05E+02	2.18E+01	1.24E-05	1.05E+02
1,1,521	-1.19E-04	3.77E-10	1.05E+02	2.18E+01	8.96E-06	1.05E+02
1,1,522	-1.25E-04	4.00E-10	1.05E+02	2.19E+01	1.97E-06	1.05E+02
1,1,523	-1.18E-04	4.12E-10	1.06E+02	2.19E+01	-6.42E-06	1.06E+02
1,1,524	-1.25E-04	3.76E-10	1.06E+02	2.20E+01	-1.11E-05	1.06E+02
1,1,525	-1.26E-04	4.41E-10	1.06E+02	2.20E+01	-1.15E-05	1.06E+02
1,1,526	-1.18E-04	3.82E-10	1.06E+02	2.21E+01	-6.83E-06	1.06E+02
1,1,527	-1.24E-04	3.76E-10	1.06E+02	2.21E+01	1.39E-07	1.06E+02
1,1,528	-1.20E-04	3.46E-10	1.07E+02	2.21E+01	7.64E-06	1.07E+02
1,1,529	-1.24E-04	3.19E-10	1.07E+02	2.22E+01	1.12E-05	1.07E+02
1,1,530	-1.24E-04	2.93E-10	1.07E+02	2.22E+01	1.17E-05	1.07E+02
1,1,531	-1.19E-04	2.35E-10	1.07E+02	2.23E+01	6.56E-06	1.07E+02
1,1,532	-1.23E-04	2.56E-10	1.07E+02	2.23E+01	-8.89E-07	1.07E+02
1,1,533	-1.17E-04	2.63E-10	1.08E+02	2.23E+01	-7.66E-06	1.08E+02
1,1,534	-1.23E-04	2.70E-10	1.08E+02	2.24E+01	-1.16E-05	1.08E+02
1,1,535	-1.25E-04	2.90E-10	1.08E+02	2.24E+01	-1.12E-05	1.08E+02
1,1,536	-1.22E-04	2.37E-10	1.08E+02	2.25E+01	-4.90E-06	1.08E+02
1,1,537	-1.23E-04	2.37E-10	1.08E+02	2.25E+01	2.13E-06	1.08E+02
1,1,538	-1.20E-04	2.07E-10	1.09E+02	2.26E+01	8.21E-06	1.09E+02
1,1,539	-1.26E-04	1.98E-10	1.09E+02	2.26E+01	1.19E-05	1.09E+02
1,1,540	-1.18E-04	1.68E-10	1.09E+02	2.26E+01	1.12E-05	1.09E+02
1,1,541	-1.21E-04	1.77E-10	1.09E+02	2.27E+01	5.14E-06	1.09E+02
1,1,542	-1.21E-04	1.56E-10	1.09E+02	2.27E+01	-2.10E-06	1.09E+02
1,1,543	-1.21E-04	1.69E-10	1.10E+02	2.28E+01	-8.04E-06	1.10E+02
1,1,544	-1.24E-04	1.75E-10	1.10E+02	2.28E+01	-1.19E-05	1.10E+02
1,1,545	-1.22E-04	1.95E-10	1.10E+02	2.28E+01	-1.07E-05	1.10E+02
1,1,546	-1.23E-04	1.66E-10	1.10E+02	2.29E+01	-4.50E-06	1.10E+02
1,1,547	-1.23E-04	1.57E-10	1.10E+02	2.29E+01	2.61E-06	1.10E+02
1,1,548	-1.21E-04	1.35E-10	1.11E+02	2.30E+01	8.42E-06	1.11E+02
1,1,549	-1.27E-04	1.37E-10	1.11E+02	2.30E+01	1.21E-05	1.11E+02
1,1,550	-1.18E-04	9.14E-11	1.11E+02	2.31E+01	1.07E-05	1.11E+02
1,1,551	-1.26E-04	1.44E-10	1.11E+02	2.31E+01	3.88E-06	1.11E+02
1,1,552	-1.21E-04	1.15E-10	1.11E+02	2.31E+01	-4.13E-06	1.11E+02
1,1,553	-1.20E-04	1.26E-10	1.12E+02	2.32E+01	-1.00E-05	1.12E+02
1,1,554	-1.23E-04	1.48E-10	1.12E+02	2.32E+01	-1.25E-05	1.12E+02
1,1,555	-1.14E-04	1.46E-10	1.12E+02	2.33E+01	-9.13E-06	1.12E+02
1,1,556	-1.25E-04	1.42E-10	1.12E+02	2.33E+01	-2.14E-06	1.12E+02
1,1,557	-1.21E-04	6.84E-11	1.12E+02	2.34E+01	5.86E-06	1.12E+02
1,1,558	-1.25E-04	1.12E-10	1.13E+02	2.34E+01	-1.36E-06	1.13E+02
1,1,559	-1.24E-04	1.43E-10	1.13E+02	2.34E+01	-7.68E-06	1.13E+02
1,1,560	-1.21E-04	1.35E-10	1.13E+02	2.35E+01	-1.17E-05	1.13E+02
1,1,561	-1.24E-04	1.64E-10	1.13E+02	2.35E+01	-1.11E-05	1.13E+02
1,1,562	-1.16E-04	1.25E-10	1.13E+02	2.36E+01	-1.00E-05	1.13E+02
1,1,563	-1.22E-04	1.46E-10	1.14E+02	2.36E+01	-1.26E-05	1.14E+02
1,1,564	-1.15E-04	1.66E-10	1.14E+02	2.36E+01	-9.64E-06	1.14E+02
1,1,565	-1.20E-04	1.44E-10	1.14E+02	2.37E+01	-2.89E-06	1.14E+02
1,1,566	-1.23E-04	2.07E-10	1.14E+02	2.37E+01	4.72E-06	1.14E+02
1,1,567	-1.20E-04	1.43E-10	1.14E+02	2.38E+01	1.01E-05	1.14E+02
1,1,568	-1.26E-04	1.52E-10	1.15E+02	2.38E+01	1.26E-05	1.15E+02
1,1,569	-1.21E-04	1.22E-10	1.15E+02	2.39E+01	1.01E-05	1.15E+02
1,1,570	-1.25E-04	1.39E-10	1.15E+02	2.39E+01	3.23E-06	1.15E+02
1,1,571	-1.25E-04	1.61E-10	1.15E+02	2.39E+01	-4.54E-06	1.15E+02
1,1,572	-1.15E-04	2.09E-10	1.15E+02	2.40E+01	-1.00E-05	1.15E+02
1,1,573	-1.23E-04	1.86E-10	1.16E+02	2.40E+01	-1.26E-05	1.16E+02
1,1,574	-1.15E-04	2.04E-10	1.16E+02	2.41E+01	-9.65E-06	1.16E+02
1,1,575	-1.21E-04	2.03E-10	1.16E+02	2.41E+01	-2.92E-06	1.16E+02
1,1,576	-1.22E-04	2.76E-10	1.16E+02	2.42E+01	5.26E-06	1.16E+02
1,1,577	-1.21E-04	2.31E-10	1.16E+02	2.42E+01	1.05E-05	1.16E+02
1,1,578	-1.26E-04	2.52E-10	1.17E+02	2.42E+01	1.26E-05	1.17E+02
1,1,579	-1.19E-04	2.13E-10	1.17E+02	2.43E+01	9.59E-06	1.17E+02
1,1,580	-1.26E-04	2.42E-10	1.17E+02	2.43E+01	2.64E-06	1.17E+02
1,1,581	-1.23E-04	2.23E-10	1.17E+02	2.44E+01	-5.24E-06	1.17E+02
1,1,582	-1.19E-04	2.98E-10	1.18E+02	2.44E+01	-1.06E-05	1.18E+02
1,1,583	-1.22E-04	2.89E-10	1.18E+02	2.44E+01	-1.21E-05	1.18E+02
1,1,584	-1.16E-04	2.92E-10	1.18E+02	2.45E+01	-8.05E-06	1.18E+02
1,1,585	-1.21E-04	3.24E-10	1.18E+02	2.45E+01	-1.57E-06	1.18E+02
1,1,586	-1.19E-04	3.76E-10	1.18E+02	2.46E+01	6.30E-06	1.18E+02
1,1,587	-1.24E-04	3.20E-10	1.19E+02	2.46E+01	1.09E-05	1.19E+02
1,1,588	-1.23E-04	3.43E-10	1.19E+02	2.47E+01	1.23E-05	1.19E+02
1,1,589	-1.20E-04	3.17E-10	1.19E+02	2.47E+01	8.90E-06	1.19E+02
1,1,590	-1.26E-04	3.48E-10	1.19E+02	2.47E+01	2.18E-06	1.19E+02
1,1,591	-1.21E-04	3.77E-10	1.19E+02	2.48E+01	-5.83E-06	1.19E+02
1,1,592	-1.22E-04	4.51E-10	1.20E+02	2.48E+01	-1.08E-05	1.20E+02
1,1,593	-1.21E-04	4.15E-10	1.20E+02	2.49E+01	-1.24E-05	1.20E+02
1,1,594	-1.16E-04	4.20E-10	1.20E+02	2.49E+01	-7.94E-06	1.20E+02
1,1,595	-1.20E-04	4.46E-10	1.20E+02	2.49E+01	-1.46E-06	1.20E+02
1,1,596	-1.17E-04	4.60E-10	1.20E+02	2.50E+01	6.46E-06	1.20E+02
1,1,597	-1.23E-04	5.35E-10	1.21E+02	2.50E+01	1.10E-05	1.21E+02
1,1,598	-1.21E-04	4.92E-10	1.21E+02	2.51E+01	1.22E-05	1.21E+02
1,1,599	-1.23E-04	4.83E-10	1.21E+02	2.51E+01	8.61E-06	1.21E+02
1,1,600	-1.26E-04	5.05E-10	1.21E+02	2.52E+01	2.05E-06	1.21E+02
1,1,601	-1.22E-04	5.45E-10	1.21E+02	2.52E+01	-7.74E-06	1.21E+02
1,1,602	-1.26E-04	5.71E-10	1.22E+02	2.52E+01	-1.16E-05	1.22E+02
1,1,603	-1.18E-04	5.63E-10	1.22E+02	2.53E+01	-1.12E-05	1.22E+02
1,1,604	-1.21E-04	5.94E-10	1.22E+02	2.53E+01	-5.70E-06	1.22E+02
1,1,605	-1.20E-04	6.13E-10	1.22E+02	2.54E+01	1.25E-06	1.22E+02
1,1,606	-1.20E-04	6.36E-10	1.22E+02	2.54E+01	7.79E-06	1.22E+02
1,1,607	-1.22E-04	7.08E-10	1.23E+02	2.55E+01	1.17E-05	1.23E+02
1,1,608	-1.18E-04	6.58E-10	1.23E+02	2.55E+01	1.14E-05	1.23E+02
1,1,609	-1.24E-04	7.11E-10	1.23E+02	2.55E+01	-5.31E-06	1.23E+02
1,1,610	-1.21E-04	7.12E-10	1.23E+02	2.56E+01	1.58E-06	1.23E+02
1,1,611	-1.22E-04	7.26E-10	1.23E+02	2.56E+01	7.82E-06	1.23E+02
1,1,612	-1.24E-04	7.44E-10	1.24E+02	2.57E+01	1.16E-05	1.24E+02
1,1,613	-1.20E-04	7.20E-10	1.24E+02	2.57E+01	1.15E-05	1.24E+02
1,1,614	-1.20E-04	7.45E-10	1.24E+02	2.57E+01	7.20E-06	1.24E+02
1,1,615	-1.17E-04	7.71E-10	1.24E+02	2.58E+01	1.12E-05	1.24E+02
1,1,616	-1.23E-04	8.04E-10	1.24E+02	2.58E+01	1.18E-05	1.24E+02
1,1,617	-1.17E-04	7.78E-10	1.25E+02	2.59E+01	7.90E-06	1.25E+02
1,1,618	-1.23E-04	8.24E-10	1.25E+02	2.59E+01	1.44E-06	1.25E+02
1,1,619	-1.24E-04	8.28E-10	1.25E+02	2.60E+01	-6.59E-06	1.25E+02
1,1,620	-1.21E-04	8.42E-10	1.25E+02	2.60E+01	-1.10E-05	1.25E+02
1,1,621	-1.27E-04	8.60E-10	1.25E+02	2.60E+01	-1.20E-05	1.25E+02
1,1,622	-1.19E-04	8.42E-10	1.26E+02	2.61E+01	-8.12E-06	1.26E+02
1,1,623	-1.20E-04	8.29E-10	1.26E+02	2.61E+01	-1.75E-06	1.26E+02
1,1,624	-1.19E-04	8.17E-10	1.26E+02	2.62E+01	6.14E-06	1.26E+02
1,1,625	-1.19E-04	8.27E-10	1.26E+02	2.62E+01	1.09E-05	1.26E+02
1,1,626	-1.21E-04	8.45E-10	1.26E+02	2.63E+01	1.25E-05	1.26E+02
1,1,627	-1.18E-04	8.13E-10	1.27E+02	2.63E+01	9.33E-06	1.27E+02
1,1,628	-1.24E-04	7.94E-10	1.27E+02	2.63E+01	2.62E-06	1.27E+02
1,1,629	-1.23E-04	8.14E-10	1.27E+02	2.64E+01	-5.07E-06	1.27E+02
1,1,630	-1.23E-04	8.32E-10	1.27E+02	2.64E+01	-1.03E-05	1.27E+02
1,1,631	-1.26E-04	8.15E-10	1.27E+02	2.65E+01	-1.25E-05	1.27E+02
1,1,632	-1.19E-04	7.87E-10	1.28E+02	2.65E+01	-9.54E-06	1.28E+02
1,1,633	-1.25E-04	7.93E-10	1.28E+02	2.65E+01	-2.91E-06	1.28E+02
1,1,634	-1.18E-04	6.92E-10	1.28E+02	2.66E+01	7.95E-06	1.28E+02
1,1,635	-1.22E-04	7.55E-10	1.28E+02	2.66E+01	1.17E-05	1.28E+02
1,1,636	-1.19E-04	7.63E-10	1.28E+02	2.67E+01	1.16E-05	1.28E+02
1,1,637	-1.20E-04	7.33E-10	1.29E+02	2.67E+01	6.10E-06	1.29E+02
1,1,638	-1.22E-04	6.85E-10	1.29E+02	2.68E+01	-8.74E-07	1.29E+02
1,1,639	-1.21E-04	7.23E-10	1.29E+02	2.68E+01	-7.58E-06	1.29E+02
1,1,640	-1.26E-04	6.96E-10	1.29E+02	2.68E+01	-1.14E-05	1.29E+02
1,1,641	-1.23E-04	6.91E-10	1.29E+02	2.69E+01	-1.14E-05	1.29E+02
1,1,642	-1.23E-04	6.50E-10	1.30E+02	2.69E+01	-6.40E-06	1.30E+02
1,1,643	-1.23E-04	5.83E-10	1.30E+02	2.70E+01	5.62E-07	1.30E+02
1,1,644	-1.18E-04	5.40E-10	1.30E+02	2.70E+01	7.79E-06	1.30E+02
1,1,645	-1.22E-04	5.78E-10	1.30E+02	2.70E+01	1.13E-05	1.30E+02
1,1,646	-1.17E-04	5.56E-10	1.30E+02	2.71E+01	1.06E-05	1.30E+02
1,1,647	-1.19E-04	5.61E-10	1.31E+02	2.71E+01	3.98E-06	1.31E+02
1,1,648	-1.20E-04	5.45E-10	1.31E+02	2.72E+01	-3.21E-06	1.31E+02
1,1,649	-1.23E-04	4.68E-10	1.31E+02	2.72E+01	-8.66E-06	1.31E+02
1,1,650	-1.26E-04	5.08E-10	1.31E+02	2.73E+01	-1.21E-05	1.31E+02
1,1,651	-1.21E-04	4.88E-10	1.31E+02	2.73E+01	-1.05E-05	1.31E+02
1,1,652	-1.25E-04	4.92E-10	1.32E+02	2.73E+01	-4.22E-06	1.32E+02
1,1,653	-1.22E-04	4.61E-10	1.32E+02	2.74E+01	2.62E-06	1.32E+02
1,1,654	-1.22E-04	4.57E-10	1.32E+02	2.74E+01	8.30E-06	1.32E+02
1,1,655	-1.24E-04	3.89E-10	1.32E+02	2.75E+01	1.19E-05	1.32E+02
1,1,656	-1.17E-04	3.90E-10	1.32E+02	2.75E+01	1.14E-05	1.32E+02
1,1,657	-1.21E-04	4.10E-10	1.33E+02	2.76E+01	5.41E-06	1.33E+02
1,1,658	-1.19E-04	3.87E-10	1.33E+02	2.76E+01	-1.65E-06	1.33E+02
1,1,659	-1.23E-04	3.19E-10	1.33E+02	2.76E+01	-7.72E-06	1.33E+02
1,1,660	-1.24E-04	3.60E-10	1.33E+02	2.77E+01	-1.17E-05	1.33E+02
1,1,661	-1.22E-04	3.24E-10	1.33E+02	2.77E+01	1.25E-05	1.33E+02
1,1,662	-1.23E-04	3.20E-10	1.34E+02	2.78E+01	1.04E-05	1.34E+02
1,1,663	-1.21E-04	2.81E-10	1.34E+02	2.78E+01	3.87E-06	1.34E+02
1,1,664	-1.26E-04	3.06E-10	1.34E+02	2.78E+01	-3.61E-06	1.34E+02
1,1,665	-1.19E-04	3.58E-10	1.34E+02	2.79E+01	-9.13E-06	1.34E+02
1,1,666	-1.20E-04	2.94E-10	1.35E+02	2.79E+01	-3.89E-06	1.35E+02
1,1,667	-1.20E-04	2.93E-10	1.35E+02	2.80E+01	-9.27E-06	1.35E+02
1,1,668	-1.19E-04	2.92E-10	1.35E+02	2.80E+01	-1.23E-05	1.35E+02
1,1,669	-1.24E-04	3.22E-10	1.35E+02	2.81E+01	-1.01E-05	1.35E+02
1,1,670	-1.20E-04	2.52E-10	1.35E+02	2.81E+01	-3.60E-06	1.35E+02
1,1,671	-1.24E-04	2.15E-10	1.36E+02	2.81E+01	3.88E-06	1.36E+02
1,1,672	-1.22E-04	2.53E-10	1.36E+02	2.82E+01	9.05E-06	1.36E+02
1,1,673	-1.23E-04	2.38E-10	1.36E+02	2.82E+01	1.22E-05	1.36E+02
1,1,674	-1.23E-04	2.46E-10	1.36E+02	2.83E+01	1.08E-05	1.36E+02
1,1,675	-1.23E-04	2.60E-10	1.36E+02	2.83E+01	4.03E-06	1.36E+02
1,1,676	-1.22E-04	2.37E-10	1.37E+02	2.84E+01	-2.70E-06	1.37E+02
1,1,677	-1.19E-04	2.47E-10	1.37E+02	2.84E+01	-8.27E-06	1.37E+02
1,1,678	-1.22E-04	2.55E-10	1.37E+02	2.84E+01	-1.20E-05	1.37E+02
1,1,679	-1.22E-04	2.68E-10	1.37E+02	2.85E+01	-1.07E-05	1.37E+02
1,1,680	-1.22E-04	2.50E-10	1.37E+02	2.85E+01	-4.83E-06	1.37E+02
1,1,681	-1.25E-04	2.53E-10	1.38E+02	2.86E+01	2.12E-06	1.38E+02
1,1,682	-1.21E-04	2.44E-10	1.38E+02	2.86E+01	7.94E-06	1.38E+02
1,1,683	-1.26E-04	2.45E-10	1.38E+02	2.86E+01	1.19E-05	1.38E+02
1,1,684	-1.21E-04	2.43E-10	1.38E+02	2.87E+01	1.15E-05	1.38E+02
1,1,685	-1.23E-04	2.40E-10	1.38E+02	2.87E+01	5.63E-06	1.38E+02
1,1,686	-1.23E-04	3.03E-10	1.39E+02	2.88E+01	-1.53E-06	1.39E+02
1,1,687	-1.17E-04	1.44E-10	1.39E+02	2.88E+01	-9.10E-06	1.39E+02
1,1,688	-1.23E-04	2.90E-10	1.39E+02	2.89E+01	-1.24E-05	1.39E+02
1,1,689	-1.17E-04	2.88E-10	1.39E+02	2.89E+01	-1.00E-05	1.39E+02
1,1,690	-1.24E-04	3.17E-10	1.39E+02	2.89E+01	-3.54E-06	1.39E+02
1,1,691	-1.23E-04	2.88E-10	1.40E+02	2.90E+01	3.84E-06	1.40E+02
1,1,692	-1.20E-04	2.87E-10	1.40E+02	2.90E+01	9.97E-06	1.40E+02
1,1,693	-1.26E-04	3.02E-10	1.40E+02	2.91E+01	1.26E-05	1.40E+02
1,1,694	-1.20E-04	2.84E-10	1.40E+02	2.91E+01	1.02E-05	1.40E+02
1,1,695	-1.25E-04	3.12E-10	1.40E+02	2.91E+01	3.54E-06	1.40E+02
1,1,696	-1.23E-04	3.80E-10	1.41E+02	2.92E+01	-4.05E-06	1.41E+02
1,1,697	-1.20E-04	3.42E-10	1.41E+02	2.92E+01	-9.26E-06	1.41E+02
1,1,698	-1.22E-04	3.69E-10	1.41E+02	2.93E+01	-1.24E-05	1.41E+02
1,1,699	-1.20E-04	3.73E-10	1.41E+02	2.93E+01	-1.01E-05	1.41E+02
1,1,700	-1.23E-04	4.21E-10	1.41E+02	2.94E+01	-3.53E-06	1.41E+02
1,1,701	-1.21E-04	3.95E-10	1.42E+02	2.94E+01	3.76E-06	1.42E+02
1,1,702	-1.24E-04	3.98E-10	1.42E+02	2.94E+01	8.92E-06	1.42E+02
1,1,703	-1.25E-04	4.22E-10	1.42E+02	2.95E+01	1.22E-05	1.42E+02
1,1,704	-1.20E-04	4.14E-10	1.42E+02	2.95E+01	1.08E-05	1.42E+02
1,1,705	-1.24E-04	4.33E-10	1.42E+02	2.96E+01	4.24E-06	1.42E+02
1,1,706	-1.21E-04	5.15E-10	1.43E+02	2.96E+01	-2.60E-06	1.43E+02
1,1,707	-1.23E-04	4.69E-10	1.43E+02	2.97E+01	-8.12E-06	1.43E+02
1,1,708	-1.20E-04	5.09E-10	1.43E+02	2.97E+01	-1.20E-05	1.43E+02
1,1,709	-1.20E-04	5.33E-10	1.43E+02	2.97E+01	-1.07E-05	1.43E+02
1,1,710	-1.21E-04	5.55E-10	1.43E+02	2.98E+01	-4.75E-06	1.43E+02
1,1,711	-1.23E-04	6.10E-10	1.44E+02	2.98E+01	2.29E-06	1.44E+02
1,1,712	-1.25E-04	5.70E-10	1.44E+02	2.99E+01	8.01E-06	1.44E+02
1,1,713	-1.22E-04	5.82E-10	1.44E+02	2.99E+01	-3.03E-06	1.44E+02
1,1,714	-1.25E-04	6.08E-10	1.44E+02	2.99E+01	-8.44E-06	1.44E+02
1,1,715	-1.23E-04	6.34E-10	1.44E+02	3.00E+01	-1.20E-05	1.44E+02
1,1,716	-1.22E-04	6.39E-10	1.45E+02	3.00E+01	-7.83E-06	1.45E+02
1,1,717	-1.22E-04	6.68E-10	1.45E+02	3.01E+01	-1.63E-06	1.45E+02
1,1,718	-1.19E-04	7.12E-10	1.45E+02	3.01E+01	-1.14E-05	1.45E+02
1,1,719	-1.21E-04	7.55E-10	1.45E+02	3.02E+01	-6.80E-06	1.45E+02
1,1,720	-1.19E-04	7.57E-10	1.45E+02	3.02E+01	-2.84E-07	1.45E+02
1,1,721	-1.24E-04	8.44E-10	1.46E+02	3.02E+01	7.47E-06	1.46E+02
1,1,722	-1.24E-04	7.86E-10	1.46E+02	3.03E+01	1.12E-05	1.46E+02
1,1,723	-1.21E-04	7.93E-10	1.46E+02	3.03E+01	1.18E-05	1.46E+02
1,1,724	-1.24E-04	8.19E-10	1.46E+02	3.04E+01	7.71E-06	1.46E+02
1,1,725	-1.22E-04	8.33E-10	1.46E+02	3.04E+01	1.17E-06	1.46E+02
1,1,726	-1.26E-04	8.72E-10	1.47E+02	3.05E+01	-6.86E-06	1.47E+02
1,1,727	-1.18E-04	9.29E-10	1.47E+02	3.05E+01	-1.10E-05	1.47E+02
1,1,728	-1.22E-04	9.46E-10	1.47E+02	3.05E+01	-1.17E-05	1.47E+02
1,1,729	-1.20E-04	9.83E-10	1.47E+02	3.06E+01	-7.95E-06	1.47E+02
1,1,730	-1.20E-04	9.93E-10	1.47E+02	3.06E+01	-1.70E-06	1.47E+02
1,1,731	-1.24E-04	1.07E-09	1.48E+02	3.07E+01	6.25E-06	1.48E+02
1,1,732	-1.22E-04	1.00E-09	1.48E+02	3.07E+01	1.09E-05	1.48E+02
1,1,733	-1.24E-04	1.02E-09	1.48E+02	3.07E+01	1.20E-05	1.48E+02
1,1,734	-1.22E-04	1.01E-09	1.48E+02	3.08E+01	7.92E-06	1.48E+02
1,1,735	-1.24E-04	1.04E-09	1.48E+02	3.08E+01	1.41E-06	1.48E+02
1,1,736	-1.24E-04	1.06E-09	1.49E+02	3.09E+01	-6.60E-06	1.49E+02
1,1,737	-1.17E-04	1.11E-09	1.49E+02	3.09E+01	-1.09E-05	1.49E+02
1,1,738	-1.23E-04	1.11E-09	1.49E+02	3.10E+01	-1.20E-05	1.49E+02
1,1,739	-1.18E-04	1.14E-09	1.49E+02	3.10E+01	-8.00E-06	1.49E+02
1,1,740	-1.21E-04	1.16E-09	1.49E+02	3.10E+01	-1.76E-06	1.49E+02
1,1,741	-1.21E-04	1.15E-09	1.50E+02	3.11E+01	6.07E-06	1.50E+02
1,1,742	-1.20E-04	1.20E-09	1.50E+02	3.11E+01	1.07E-05	1.50E+02
1,1,743	-1.25E-04	1.14E-09	1.50E+02	3.12E+01	1.27E-05	1.50E+02
1,1,744	-1.20E-04	1.11E-09	1.50E+02	3.12E+01	1.00E-05	1.50E+02
1,1,745	-1.25E-04	1.15E-09	1.50E+02	3.12E+01	3.34E-06	1.50E+02
1,1,746	-1.24E-04	1.13E-09	1.51E+02	3.13E+01	-4.02E-06	1.51E+02
1,1,747	-1.23E-04	1.14E-09	1.51E+02	3.13E+01	-9.63E-06	1.51E+02
1,1,748	-1.22E-04	1.16E-09	1.51E+02	3.14E+01	-1.24E-05	1.51E+02
1,1,749	-1.17E-04	1.17E-09	1.51E+02	3.14E+01	-9.98E-06	1.51E+02
1,1,750	-1.22E-04	1.18E-09	1.51E+02	3.15E+01	-3.68E-06	1.51E+02
1,1,751	-1.20E-04	9.78E-10	1.52E+02	3.15E+01	3.32E-06	1.52E+02
1,1,752	-1.22E-04	1.22E-09	1.52E+02	3.15E+01	8.61E-06	1.52E+02
1,1,753	-1.23E-04	1.11E-09	1.52E+02	3.16E+01	1.21E-05	1.52E+02
1,1,754	-1.20E-04	1.07E-09	1.52E+02	3.16E+01	1.13E-05	1.52E+02
1,1,755	-1.24E-04	1.08E-09	1.52E+02	3.17E+01	5.31E-06	1.52E+02
1,1,756	-1.22E-04	1.06E-09	1.53E+02	3.17E+01	-1.95E-06	1.53E+02
1,1,757	-1.25E-04	1.05E-09	1.53E+02	3.18E+01	-7.77E-06	1.53E+02
1,1,758	-1.19E-04	1.06E-09	1.53E+02	3.18E+01	-1.17E-05	1.53E+02
1,1,759	-1.21E-04	1.06E-09	1.53E+02	3.18E+01	-1.11E-05	1.53E+02
1,1,760	-1.20E-04	1.05E-09	1.54E+02	3.19E+01	-5.79E-06	1.54E+02
1,1,761	-1.17E-04	1.03E-09	1.54E+02	3.19E+01	1.30E-06	1.54E+02
1,1,762	-1.22E-04	1.02E-09	1.54E+02	3.20E+01	7.87E-06	1.54E+02
1,1,763	-1.19E-04	1.02E-09	1.54E+02	3.20E+01	1.14E-05	1.54E+02
1,1,764	-1.25E-04	9.39E-10	1.54E+02	3.20E+01	1.18E-05	1.54E+02
1,1,765	-1.23E-04	9.13E-10	1.55E+02	3.21E+01	6.72E-06	1.55E+02
1,1,766	-1.22E-04	9.00E-10	1.55E+02	3.21E+01	-5.66E-07	1.55E+02
1,1,767	-1.24E-04	8.82E-10	1.55E+02	3.22E+01	-7.48E-06	1.55E+02
1,1,768	-1.20E-04	8.65E-10	1.55E+02	3.22E+01	-1.12E-05	1.55E+02
1,1,769	-1.21E-04	8.72E-10	1.55E+02	3.23E+01	-1.13E-05	1.55E+02
1,1,770	-1.18E-04	8.67E-10	1.56E+02	3.23E+01	1.17E-05	1.56E+02
1,1,771	-1.19E-04	8.44E-10	1.56E+02	3.23E+01	1.17E-05	1.56E+02
1,1,772	-1.20E-04	8.04E-10	1.56E+02	3.24E+01	4.22E-06	1.56E+02
1,1,773	-1.20E-04	7.32E-10	1.56E+02	3.24E+01	-3.27E-06	1.56E+02
1,1,774	-1.25E-04	7.65E-10	1.56E+02	3.25E+01	-8.87E-06	1.56E+02
1,1,775	-1.21E-04	7.16E-10	1.57E+02	3.25E+01	6.53E-06	1.57E+02
1,1,776	-1.26E-04	7.19E-10	1.57E+02	3.26E+01	-7.20E-07	1.57E+02
1,1,777	-1.22E-04	6.98E-10	1.57E+02	3.26E+01	-7.44E-06	1.57E+02
1,1,778	-1.24E-04	6.89E-10	1.57E+02	3.26E+01	-1.14E-05	1.57E+02
1,1,779	-1.21E-04	6.88E-10	1.57E+02	3.27E+01	-1.13E-05	1.57E+02
1,1,780	-1.18E-04	6.73E-10	1.58E+02	3.27E+01	-6.00E-06	1.58E+02
1,1,781	-1.21E-04	6.77E-10	1.58E+02	3.28E+01	9.60E-07	1.58E+02
1,1,782	-1.18E-04	6.55E-10	1.58E+02	3.28E+01	7.89E-06	1.58E+02
1,1,783	-1.21E-04	6.88E-10	1.58E+02	3.28E+01	1.13E-05	1.58E+02
1,1,784	-1.24E-04	6.05E-10	1.58E+02	3.29E+01	1.17E-05	1.58E+02
1,1,785	-1.22E-04	5.74E-10	1.59E+02	3.29E+01	5.53E-06	1.59E+02
1,1,786	-1.24E-04	5.70E-10	1.59E+02	3.30E+01	-1.45E-06	1.59E+02
1,1,787	-1.21E-04	5.66E-10	1.59E+02	3.30E+01	-7.62E-06	1.59E+02
1,1,788	-1.26E-04	5.62E-10	1.59E+02	3.31E+01	-1.16E-05	1.59E+02
1,1,789	-1.19E-04	5.52E-10	1.59E+02	3.31E+01	-1.12E-05	1.59E+02
1,1,790	-1.20E-04	5.59E-10	1.60E+02	3.31E+01	-5.05E-06	1.60E+02
1,1,791	-1.21E-04	5.56E-10	1.60E+02	3.32E+01	1.88E-06	1.60E+02
1,1,792	-1.19E-04	4.27E-10	1.60E+02	3.32E+01	8.00E-06	1.60E+02
1,1,793	-1.22E-04	5.62E-10	1.60E+02	3.33E+01	1.20E-05	1.60E+02
1,1,794	-1.18E-04	4.94E-10	1.60E+02	3.33E+01	1.15E-05	1.60E+02
1,1,795	-1.25E-04	4.92E-10	1.61E+02	3.33E+01	5.40E-06	1.61E+02
1,1,796	-1.24E-04	4.84E-10	1.61E+02	3.34E+01	-1.67E-06	1.61E+02
1,1,797	-1.23E-04	4.91E-10	1.61E+02	3.34E+01	-8.08E-06	1.61E+02
1,1,798	-1.26E-04	4.95E-10	1.61E+02	3.35E+01	-1.19E-05	1.61E+02
1,1,799	-1.22E-04	4.84E-10	1.61E+02	3.35E+01	-1.06E-05	1.61E+02
1,1,800	-1.21E-04	4.92E-10	1.62E+02	3.36E+01	-3.86E-06	1.62E+02
1,1,801	-1.19E-04	5.04E-10	1.62E+02	3.36E+01	3.01E-06	1.62E+02
1,1,802	-1.21E-04	4.99E-10	1.62E+02	3.36E+01	8.84E-06	1.62E+02
1,1,803	-1.21E-04	5.06E-10	1.62E+02	3.37E+01	1.22E-05	1.62E+02
1,1,804	-1.17E-04	4.70E-10	1.62E+02	3.37E+01	1.10E-05	1.62E+02
1,1,805	-1.25E-04	4.69E-10	1.63E+02	3.38E+01	4.13E-06	1.63E+02
1,1,806	-1.22E-04	4.76E-10	1.63E+02	3.38E+01	-3.48E-06	1.63E+02
1,1,807	-1.25E-04	4.90E-10	1.63E+02	3.39E+01	-9.11E-06	1.63E+02
1,1,808	-1.25E-04	5.00E-10	1.63E+02	3.39E+01	-1.23E-05	1.63E+02
1,1,809	-1.22E-04	5.05E-10	1.63E+02	3.39E+01	-1.01E-05	1.63E+02
1,1,810	-1.20E-04	4.98E-10	1.64E+02	3.40E+01	-3.55E-06	1.64E+02
1,1,811	-1.19E-04	5.31E-10	1.64E+02	3.40E+01	3.72E-06	1.64E+02
1,1,812	-1.22E-04	5.37E-10	1.64E+02	3.41E+01	1.05E-05	1.64E+02
1,1,813	-1.20E-04	5.46E-10	1.64E+02	3.41E+01	1.26E-05	1.64E+02
1,1,814	-1.19E-04	5.23E-10	1.64E+02	3.41E+01	9.82E-06	1.64E+02
1,1,815	-1.26E-04	5.23E-10	1.65E+02	3.42E+01	2.99E-06	1.65E+02
1,1,816	-1.22E-04	5.50E-10	1.65E+02	3.42E+01	-4.74E-06	1.65E+02
1,1,817	-1.27E-04	5.70E-10	1.65E+02	3.43E+01	-1.10E-05	1.65E+02
1,1,818	-1.22E-04	5.92E-10	1.65E+02	3.43E+01	-1.16E-05	1.65E+02
1,1,819	-1.24E-04	6.07E-10	1.65E+02	3.44E+01	-7.51E-06	1.65E+02
1,1,820	-1.21E-04	5.62E-10	1.66E+02	3.44E+01	-7.74E-07	1.66E+02
1,1,821	-1.21E-04	6.32E-10	1.66E+02	3.44E+01	7.19E-06	1.66E+02
1,1,822	-1.22E-04	6.43E-10	1.66E+02	3.45E+01	1.07E-07	1.66E+02
1,1,823	-1.20E-04	6.67E-10	1.66E+02	3.45E+01	-7.42E-06	1.66E+02
1,1,824	-1.23E-04	6.94E-10	1.66E+02	3.46E+01	-1.13E-05	1.66E+02
1,1,825	-1.19E-04	7.34E-10	1.67E+02	3.46E+01	-9.80E-06	1.67E+02
1,1,826	-1.24E-04	7.10E-10	1.67E+02	3.47E+01	-2.89E-06	1.67E+02
1,1,827	-1.24E-04	7.44E-10	1.67E+02	3.47E+01	-1.12E-05	1.67E+02
1,1,828	-1.21E-04	7.33E-10	1.67E+02	3.47E+01	-6.48E-06	1.67E+02
1,1,829	-1.24E-04	7.70E-10	1.67E+02	3.48E+01	6.03E-07	1.67E+02
1,1,830	-1.19E-04	7.76E-10	1.68E+02	3.48E+01	7.88E-06	1.68E+02
1,1,831	-1.24E-04	7.57E-10	1.68E+02	3.49E+01	1.15E-05	1.68E+02
1,1,832	-1.20E-04	8.74E-10	1.68E+02	3.49E+01	-1.11E-05	1.68E+02
1,1,833	-1.20E-04	8.80E-10	1.68E+02	3.49E+01	-5.61E-06	1.68E+02
1,1,834	-1.20E-04	9.03E-10	1.69E+02	3.50E+01	1.40E-06	1.69E+02
1,1,835	-1.18E-04	9.70E-10	1.69E+02	3.50E+01	7.98E-06	1.69E+02
1,1,836	-1.26E-04	9.10E-10	1.69E+02	3.51E+01	1.18E-05	1.69E+02
1,1,837	-1.20E-04	9.20E-10	1.69E+02	3.51E+01	1.17E-05	1.69E+02
1,1,838	-1.24E-04	9.47E-10	1.69E+02	3.52E+01	6.05E-06	1.69E+02
1,1,839	-1.24E-04	9.71E-10	1.70E+02	3.52E+01	-2.53E-06	1.70E+02
1,1,840	-1.21E-04	1.01E-09	1.70E+02	3.52E+01	-8.53E-06	1.70E+02
1,1,841	-1.25E-04	1.07E-09	1.70E+02	3.53E+01	-1.20E-05	1.70E+02
1,1,842	-1.19E-04	1.11E-09	1.70E+02	3.53E+01	-1.00E-05	1.70E+02
1,1,843	-1.22E-04	1.15E-09	1.70E+02	3.54E+01	-3.33E-06	1.70E+02
1,1,844	-1.20E-04	1.16E-09	1.71E+02	3.54E+01	3.71E-06	1.71E+02
1,1,845	-1.20E-04	1.24E-09	1.71E+02	3.54E+01	1.02E-05	1.71E+02
1,1,846	-1.25E-04	1.18E-09	1.71E+02	3.55E+01	1.27E-05	1.71E+02
1,1,847	-1.19E-04	1.16E-09	1.71E+02	3.55E+01	9.92E-06	1.71E+02
1,1,848	-1.26E-04	1.20E-09	1.71E+02	3.56E+01	3.11E-06	1.71E+02
1,1,849	-1.22E-04	1.23E-09	1.72E+02	3.56E+01	-4.73E-06	1.72E+02
1,1,850	-1.24E-04	1.27E-09	1.72E+02	3.57E+01	-1.03E-05	1.72E+02
1,1,851	-1.24E-04	1.31E-09	1.72E+02	3.57E+01	-1.23E-05	1.72E+02
1,1,852	-1.18E-04	1.34E-09	1.72E+02	3.57E+01	-9.11E-06	1.72E+02
1,1,853	-1.22E-04	1.44E-09	1.72E+02	3.58E+01	-2.50E-06	1.72E+02
1,1,854	-1.18E-04	1.40E-09	1.73E+02	3.58E+01	5.23E-06	1.73E+02
1,1,855	-1.22E-04	1.42E-09	1.73E+02	3.59E+01	1.06E-05	1.73E+02
1,1,856	-1.20E-04	1.44E-09	1.73E+02	3.59E+01	1.27E-05	1.73E+02
1,1,857	-1.21E-04	1.38E-09	1.73E+02	3.60E+01	9.81E-06	1.73E+02
1,1,858	-1.26E-04	1.39E-09	1.73E+02	3.60E+01	3.09E-06	1.73E+02
1,1,859	-1.22E-04	1.43E-09	1.74E+02	3.60E+01	-4.62E-06	1.74E+02
1,1,860	-1.27E-04	1.46E-09	1.74E+02	3.61E+01	-1.14E-05	1.74E+02
1,1,861	-1.22E-04	1.47E-09	1.74E+02	3.61E+01	-1.11E-05	1.74E+02
1,1,862	-1.22E-04	1.49E-09	1.74E+02	3.62E+01	-5.58E-06	1.74E+02
1,1,863	-1.21E-04	1.53E-09	1.74E+02	3.62E+01	1.45E-06	1.74E+02
1,1,864	-1.21E-04	1.54E-09	1.75E+02	3.62E+01	7.92E-06	1.75E+02
1,1,865	-1.24E-04	1.55E-09	1.75E+02	3.63E+01	1.16E-05	1.75E+02
1,1,866	-1.16E-04	1.54E-09	1.75E+02	3.63E+01	1.18E-05	1.75E+02
1,1,867	-1.25E-04	1.50E-09	1.75E+02	3.64E+01	7.01E-06	1.75E+02
1,1,868	-1.23E-04	1.49E-09	1.75E+02	3.64E+01	-1.72E-07	1.75E+02
1,1,869	-1.24E-04	1.53E-09	1.76E+02	3.65E+01	-1.12E-05	1.76E+02
1,1,870	-1.23E-04	1.51E-09	1.76E+02	3.65E+01	-5.77E-06	1.76E+02
1,1,871	-1.21E-04	1.50E-09	1.76E+02	3.65E+01	1.03E-06	1.76E+02
1,1,872	-1.26E-04	1.45E-09	1.76E+02	3.66E+01	1.17E-05	1.76E+02
1,1,873	-1.17E-04	1.53E-09	1.76E+02	3.66E+01	1.18E-05	1.76E+02
1,1,874	-1.23E-04	1.55E-09	1.77E+02	3.67E+01	-1.10E-05	1.77E+02
1,1,875	-1.23E-04	1.56E-09	1.77E+02	3.67E+01	-1.13E-05	1.77E+02
1,1,876	-1.19E-04	1.52E-09	1.77E+02	3.68E+01	-6.99E-06	1.77E+02
1,1,877	-1.25E-04	1.52E-09	1.77E+02	3.68E+01	-4.40E-07	1.77E+02
1,1,878	-1.20E-04	1.45E-09	1.77E+02	3.68E+01	7.22E-06	1.77E+02
1,1,879	-1.26E-04	1.44E-09	1.78E+02	3.69E+01	1.02E-05	1.78E+02
1,1,880	-1.24E-04	1.41E-09	1.78E+02	3.69E+01	3.46E-06	1.78E+02
1,1,881	-1.23E-04	1.42E-09	1.78E+02	3.70E+01	-4.04E-06	1.78E+02
1,1,882	-1.24E-04	1.40E-09	1.78E+02	3.70E+01	-9.45E-06	1.78E+02
1,1,883	-1.18E-04	1.45E-09	1.78E+02	3.70E+01	-1.23E-05	1.78E+02
1,1,884	-1.24E-04	1.43E-09	1.79E+02	3.71E+01	-9.83E-06	1.79E+02
1,1,885	-1.19E-04	1.40E-09	1.79E+02	3.71E+01	-3.40E-06	1.79E+02
1,1,886	-1.23E-04	1.41E-09	1.79E+02	3.72E+01	3.76E-06	1.79E+02
1,1,887	-1.21E-04	1.42E-09	1.79E+02	3.72E+01	9.20E-06	1.79E+02
1,1,888	-1.22E-04	1.31E-09	1.79E+02	3.73E+01	1.24E-05	1.79E+02
1,1,889	-1.25E-04	1.29E-09	1.80E+02	3.73E+01	1.04E-05	1.80E+02
1,1,890	-1.21E-04	1.25E-09	1.80E+02	3.73E+01	3.78E-06	1.80E+02
1,1,891	-1.25E-04	1.25E-09	1.80E+02	3.74E+01	-3.75E-06	1.80E+02
1,1,892	-1.21E-04	1.46E-09	1.80E+02	3.74E+01	-9.32E-06	1.80E+02
1,1,893	-1.23E-04	1.26E-09	1.80E+02	3.75E+01	-1.23E-05	1.80E+02
1,1,894	-1.22E-04	1.27E-09	1.81E+02	3.75E+01	-9.86E-06	1.81E+02
1,1,895	-1.20E-04	1.21E-09	1.81E+02	3.75E+01	-3.44E-06	1.81E+02
1,1,896	-1.23E-04	1.22E-09	1.81E+02	3.76E+01	3.74E-06	1.81E+02
1,1,897	-1.19E-04	1.25E-09	1.81E+02	3.76E+01	9.23E-06	1.81E+02
1,1,898	-1.25E-04	1.13E-09	1.81E+02	3.77E+01	1.23E-05	1.81E+02
1,1,899	-1.22E-04	1.11E-09	1.82E+02	3.77E+01	1.10E-05	1.82E+02
1,1,900	-1.22E-04	1.08E-09	1.82E+02	3.78E+01	4.77E-06	1.82E+02
1,1,901	-1.25E-04	1.08E-09	1.82E+02	3.78E+01	-2.41E-06	1.82E+02
1,1,902	-1.21E-04	1.07E-09	1.82E+02	3.78E+01	-8.13E-06	1.82E+02
1,1,903	-1.23E-04	1.09E-09	1.82E+02	3.79E+01	-1.18E-05	1.82E+02
1,1,904	-1.20E-04	1.06E-09	1.83E+02	3.79E+01	-1.03E-05	1.83E+02
1,1,905	-1.20E-04	1.04E-09	1.83E+02	3.80E+01	-3.68E-06	1.83E+02
1,1,906	-1.21E-04	1.04E-09	1.83E+02	3.80E+01	3.23E-06	1.83E+02
1,1,907	-1.19E-04	1.04E-09	1.83E+02	3.81E+01	8.81E-06	1.83E+02
1,1,908	-1.24E-04	1.05E-09	1.83E+02	3.81E+01	1.22E-05	1.83E+02
1,1,909	-1.18E-04	9.64E-10	1.84E+02	3.81E+01	1.12E-05	1.84E+02
1,1,910	-1.24E-04	9.66E-10	1.84E+02	3.82E+01	5.18E-06	1.84E+02
1,1,911	-1.23E-04	9.54E-10	1.84E+02	3.82E+01	-2.04E-06	1.84E+02
1,1,912	-1.22E-04	9.49E-10	1.84E+02	3.83E+01	-7.91E-06	1.84E+02
1,1,913	-1.25E-04	9.66E-10	1.84E+02	3.83E+01	-1.17E-05	1.84E+02
1,1,914	-1.19E-04	9.56E-10	1.85E+02	3.83E+01	-1.08E-05	1.85E+02
1,1,915	-1.21E-04	9.69E-10	1.85E+02	3.84E+01	-4.77E-06	1.85E+02
1,1,916	-1.20E-04	9.44E-10	1.85E+02	3.84E+01	2.67E-06	1.85E+02
1,1,917	-1.21E-04	9.37E-10	1.85E+02	3.85E+01	8.43E-06	1.85E+02
1,1,918	-1.21E-04	9.66E-10	1.85E+02	3.85E+01	1.21E-05	1.85E+02
1,1,919	-1.19E-04	8.66E-10	1.86E+02	3.86E+01	1.15E-05	1.86E+02
1,1,920	-1.25E-04	8.69E-10	1.86E+02	3.86E+01	5.55E-06	1.86E+02
1,1,921	-1.22E-04	8.63E-10	1.86E+02	3.86E+01	-1.47E-06	1.86E+02
1,1,922	-1.24E-04	8.73E-10	1.86E+02	3.87E+01	-7.64E-06	1.86E+02
1,1,923	-1.24E-04	8.77E-10	1.86E+02	3.87E+01	-1.18E-05	1.86E+02
1,1,924	-1.19E-04	8.75E-10	1.87E+02	3.88E+01	-1.06E-05	1.87E+02
1,1,925	-1.21E-04	9.05E-10	1.87E+02	3.88E+01	-4.24E-06	1.87E+02
1,1,926	-1.19E-04	8.54E-10	1.87E+02	3.89E+01	5.63E-06	1.87E+02
1,1,927	-1.22E-04	8.92E-10	1.87E+02	3.89E+01	-1.45E-06	1.87E+02
1,1,928	-1.21E-04	8.29E-10	1.88E+02	3.89E+01	-7.49E-06	1.88E+02
1,1,929	-1.23E-04	8.91E-10	1.88E+02	3.90E+01	-1.02E-05	1.88E+02
1,1,930	-1.23E-04	8.75E-10	1.88E+02	3.90E+01	-3.99E-06	1.88E+02
1,1,931	-1.22E-04	8.69E-10	1.88E+02	3.91E+01	-1.14E-05	1.88E+02
1,1,932	-1.24E-04	8.94E-10	1.88E+02	3.91E+01	-7.39E-06	1.88E+02
1,1,933	-1.22E-04	8.75E-10	1.89E+02	3.91E+01	-1.10E-06	1.89E+02
1,1,934	-1.23E-04	8.33E-10	1.89E+02	3.92E+01	6.76E-06	1.89E+02
1,1,935	-1.20E-04	9.16E-10	1.89E+02	3.92E+01	1.17E-05	1.89E+02
1,1,936	-1.17E-04	9.16E-10	1.89E+02	3.93E+01	1.18E-05	1.89E+02
1,1,937	-1.22E-04	9.21E-10	1.89E+02	3.93E+01	6.87E-06	1.89E+02
1,1,938	-1.20E-04	9.38E-10	1.90E+02	3.94E+01	-2.50E-07	1.90E+02
1,1,939	-1.26E-04	8.77E-10	1.90E+02	3.94E+01	-7.36E-06	1.90E+02
1,1,940	-1.22E-04	9.50E-10	1.90E+02	3.94E+01	-1.11E-05	1.90E+02
1,1,941	-1.25E-04	9.80E-10	1.90E+02	3.95E+01	-1.08E-05	1.90E+02
1,1,942	-1.22E-04	9.67E-10	1.90E+02	3.95E+01	-4.76E-06	1.90E+02
1,1,943	-1.21E-04	9.88E-10	1.91E+02	3.96E+01	2.17E-06	1.91E+02
1,1,944	-1.24E-04	9.96E-10	1.91E+02	3.96E+01	8.26E-06	1.91E+02
1,1,945	-1.21E-04	9.79E-10	1.91E+02	3.96E+01	1.20E-05	1.91E+02
1,1,946	-1.20E-04	1.06E-09	1.91E+02	3.97E+01	1.16E-05	1.91E+02
1,1,947	-1.21E-04	1.06E-09	1.91E+02	3.97E+01	5.43E-06	1.91E+02
1,1,948	-1.21E-04	1.10E-09	1.92E+02	3.98E+01	-1.74E-06	1.92E+02
1,1,949	-1.24E-04	1.05E-09	1.92E+02	3.98E+01	-7.77E-06	1.92E+02
1,1,950	-1.21E-04	1.12E-09	1.92E+02	3.99E+01	-1.17E-05	1.92E+02
1,1,951	-1.27E-04	1.16E-09	1.92E+02	3.99E+01	-1.08E-05	1.92E+02
1,1,952	-1.22E-04	1.14E-09	1.92E+02	3.99E+01	-4.81E-06	1.92E+02
1,1,953	-1.23E-04	1.18E-09	1.93E+02	4.00E+01	2.11E-06	1.93E+02
1,1,954	-1.23E-04	1.19E-09	1.93E+02	4.00E+01	8.21E-06	1.93E+02
1,1,955	-1.20E-04	1.17E-09	1.93E+02	4.01E+01	1.20E-05	1.93E+02
1,1,956	-1.21E-04	1.28E-09	1.93E+02	4.01E+01	1.17E-05	1.93E+02
1,1,957	-1.19E-04	1.27E-09	1.93E+02	4.02E+01	5.75E-06	1.93E+02
1,1,958	-1.23E-04	1.33E-09	1.94E+02	4.02E+01	-1.35E-06	1.94E+02
1,1,959	-1.20E-04	1.37E-09	1.94E+02	4.02E+01	-1.02E-05	1.94E+02
1,1,960	-1.24E-04	1.36E-09	1.94E+02	4.03E+01	-1.23E-05	1.94E+02
1,1,961	-1.22E-04	1.40E-09	1.94E+02	4.03E+01	-8.99E-06	1.94E+02
1,1,962	-1.23E-04	1.39E-09	1.94E+02	4.04E+01	-2.35E-06	1.94E+02
1,1,963	-1.25E-04	1.43E-09	1.95E+02	4.04E+01	5.38E-06	1.95E+02
1,1,964	-1.21E-04	1.44E-09	1.95E+02	4.04E+01	1.08E-05	1.95E+02
1,1,965	-1.23E-04	1.47E-09	1.95E+02	4.05E+01	1.28E-05	1.95E+02
1,1,966	-1.21E-04	1.51E-09	1.95E+02	4.05E+01	9.78E-06	1.95E+02
1,1,967	-1.23E-04	1.54E-09	1.95E+02	4.06E+01	3.00E-06	1.95E+02
1,1,968	-1.22E-04	1.60E-09	1.96E+02	4.06E+01	-5.44E-06	1.96E+02
1,1,969	-1.21E-04	1.63E-09	1.96E+02	4.07E+01	-1.06E-05	1.96E+02
1,1,970	-1.27E-04	1.65E-09	1.96E+02	4.07E+01	-1.18E-05	1.96E+02
1,1,971	-1.21E-04	1.65E-09	1.96E+02	4.07E+01	-7.83E-06	1.96E+02
1,1,972	-1.22E-04	1.66E-09	1.96E+02	4.08E+01	-1.47E-06	1.96E+02
1,1,973	-1.24E-04	1.68E-09	1.97E+02	4.08E+01	6.42E-06	1.97E+02
1,1,974	-1.20E-04	1.69E-09	1.97E+02	4.09E+01	1.11E-05	1.97E+02
1,1,975	-1.24E-04	1.72E-09	1.97E+02	4.09E+01	1.25E-05	1.97E+02
1,1,976	-1.22E-04	1.75E-09	1.97E+02	4.10E+01	9.15E-06	1.97E+02
1,1,977	-1.22E-04	1.80E-09	1.97E+02	4.10E+01	2.26E-06	1.97E+02
1,1,978	-1.18E-04	1.88E-09	1.98E+02	4.10E+01	-9.46E-06	1.98E+02
1,1,979	-1.22E-04	1.86E-09	1.98E+02	4.11E+01	-2.67E-06	1.98E+02
1,1,980	-1.24E-04	1.92E-09	1.98E+02	4.11E+01	4.88E-06	1.98E+02
1,1,981	-1.22E-04	1.83E-09	1.98E+02	4.12E+01	1.10E-05	1.98E+02
1,1,982	-1.23E-04	1.84E-09	1.98E+02	4.12E+01	1.27E-05	1.98E+02
1,1,983	-1.22E-04	1.85E-09	1.99E+02	4.12E+01	1.20E-05	1.99E+02
1,1,984	-1.22E-04	1.83E-09	1.99E+02	4.13E+01	7.95E-06	1.99E+02
1,1,985	-1.26E-04	1.87E-09	1.99E+02	4.13E+01	1.19E-06	1.99E+02
1,1,986	-1.21E-04	1.97E-09	1.99E+02	4.14E+01	-6.71E-06	1.99E+02
1,1,987	-1.24E-04	1.97E-09	1.99E+02	4.14E+01	-1.09E-05	1.99E+02
1,1,988	-1.21E-04	2.00E-09	2.00E+02	4.15E+01	-1.13E-05	2.00E+02
1,1,989	-1.18E-04	2.00E-09	2.00E+02	4.15E+01	-7.14E-06	2.00E+02
1,1,990	-1.23E-04	2.00E-09	2.00E+02	4.15E+01	-5.98E-07	2.00E+02
1,1,991	-1.21E-04	2.01E-09	2.00E+02	4.16E+01	7.29E-06	2.00E+02
1,1,992	-1.25E-04	1.94E-09	2.00E+02	4.16E+01	1.14E-05	2.00E+02
1,1,993	-1.22E-04	1.89E-09	2.01E+02	4.17E+01	5.47E-06	2.01E+02
1,1,994	-1.24E-04	1.93E-09	2.01E+02	4.17E+01	-1.88E-06	2.01E+02
1,1,995	-1.24E-04	1.99E-09	2.01E+02	4.17E+01	-7.66E-06	2.01E+02
1,1,996	-1.21E-04	1.71E-09	2.01E+02	4.18E+01	-1.17E-05	2.01E+02
1,1,997	-1.23E-04	2.01E-09	2.01E+02	4.18E+01	-1.07E-05	2.01E+02
1,1,998	-1.18E-04	1.98E-09	2.02E+02	4.19E+01	-4.41E-06	2.02E+02
1,1,999	-1.21E-04	1.99E-09	2.02E+02	4.19E+01	2.44E-06	2.02E+02
1,1,1000	-1.20E-04	1.97E-09	2.02E+02	4.20E+01	8.37E-06	2.02E+02
1,1,1001	-1.19E-04	1.98E-09	2.02E+02	4.20E+01	1.21E-05	2.02E+02